Time(s)	X(m)	Y(m)	Z(m)
0.000	0.2870	0.0000	0.6895
0.010	0.2870	0.0000	0.6895
0.020	0.2870	0.0000	0.6895
0.030	0.2870	0.0000	0.6895
0.040	0.2870	0.0001	0.6895
0.050	0.2869	0.0001	0.6895
0.060	0.2869	0.0002	0.6895
0.070	0.2869	0.0002	0.6895
0.080	0.2868	0.0003	0.6895
0.090	0.2868	0.0003	0.6895
0.100	0.2867	0.0004	0.6895
0.110	0.2867	0.0005	0.6895
0.120	0.2866	0.0006	0.6895
0.130	0.2866	0.0007	0.6896
0.140	0.2865	0.0008	0.6896
0.150	0.2864	0.0010	0.6896
0.160	0.2864	0.0011	0.6896
0.170	0.2863	0.0012	0.6896
0.180	0.2862	0.0014	0.6896
0.190	0.2861	0.0016	0.6896
0.200	0.2860	0.0017	0.6896
0.210	0.2859	0.0019	0.6896
0.220	0.2858	0.0021	0.6896
0.230	0.2857	0.0023	0.6897
0.240	0.2856	0.0025	0.6897
0.250	0.2854	0.0027	0.6897
0.260	0.2853	0.0029	0.6897
0.270	0.2852	0.0031	0.6897
0.280	0.2850	0.0034	0.6897
0.290	0.2849	0.0036	0.6898
0.300	0.2847	0.0039	0.6898
0.310	0.2846	0.0041	0.6898
0.320	0.2844	0.0044	0.6898
0.330	0.2843	0.0047	0.6898
0.340	0.2841	0.0050	0.6898
0.350	0.2839	0.0053	0.6899
0.360	0.2838	0.0056	0.6899
0.370	0.2836	0.0059	0.6899
0.380	0.2834	0.0062	0.6899
0.390	0.2832	0.0066	0.6900
0.400	0.2830	0.0069	0.6900
0.410	0.2828	0.0073	0.6900
0.420	0.2826	0.0076	0.6900
0.430	0.2824	0.0080	0.6901
0.440	0.2822	0.0084	0.6901
0.450	0.2819	0.0087	0.6901
0.460	0.2817	0.0091	0.6901
0.470	0.2815	0.0095	0.6902
0.480	0.2812	0.0099	0.6902
0.490	0.2810	0.0104	0.6902
0.500	0.2807	0.0108	0.6903
0.510	0.2805	0.0112	0.6903
0.520	0.2802	0.0117	0.6903
0.530	0.2800	0.0121	0.6903
0.540	0.2797	0.0125	0.6904
0.550	0.2795	0.0130	0.6904
0.560	0.2792	0.0134	0.6904
0.570	0.2790	0.0138	0.6905
0.580	0.2787	0.0142	0.6905
0.590	0.2785	0.0147	0.6905
0.600	0.2782	0.0151	0.6906
0.610	0.2780	0.0155	0.6906
0.620	0.2777	0.0160	0.6906
0.630	0.2775	0.0164	0.6906
0.640	0.2772	0.0168	0.6907
0.650	0.2770	0.0173	0.6907
0.660	0.2767	0.0177	0.6907
0.670	0.2765	0.0181	0.6908
0.680	0.2762	0.0186	0.6908
0.690	0.2760	0.0190	0.6908
0.700	0.2757	0.0194	0.6909
0.710	0.2755	0.0199	0.6909
0.720	0.2752	0.0203	0.6909
0.730	0.2750	0.0207	0.6910
0.740	0.2747	0.0212	0.6910
0.750	0.2745	0.0216	0.6910
0.760	0.2742	0.0220	0.6910
0.770	0.2740	0.0224	0.6911
0.780	0.2737	0.0229	0.6911
0.790	0.2735	0.0233	0.6911
0.800	0.2732	0.0237	0.6912
0.810	0.2730	0.0242	0.6912
0.820	0.2727	0.0246	0.6912
0.830	0.2725	0.0250	0.6913
0.840	0.2722	0.0255	0.6913
0.850	0.2720	0.0259	0.6913
0.860	0.2717	0.0263	0.6913
0.870	0.2715	0.0268	0.6914
0.880	0.2712	0.0272	0.6914
0.890	0.2710	0.0276	0.6914
0.900	0.2707	0.0281	0.6915
0.910	0.2705	0.0285	0.6915
0.920	0.2702	0.0289	0.6915
0.930	0.2700	0.0294	0.6916
0.940	0.2697	0.0298	0.6916
0.950	0.2695	0.0302	0.6916
0.960	0.2692	0.0307	0.6916
0.970	0.2690	0.0311	0.6917
0.980	0.2687	0.0315	0.6917
0.990	0.2685	0.0319	0.6917
1.000	0.2682	0.0324	0.6918
1.010	0.2680	0.0328	0.6918
1.020	0.2677	0.0332	0.6918
1.030	0.2675	0.0337	0.6919
1.040	0.2672	0.0341	0.6919
1.050	0.2670	0.0345	0.6919
1.060	0.2667	0.0350	0.6919
1.070	0.2665	0.0354	0.6920
1.080	0.2662	0.0358	0.6920
1.090	0.2660	0.0363	0.6920
1.100	0.2657	0.0367	0.6921
1.110	0.2655	0.0371	0.6921
1.120	0.2652	0.0376	0.6921
1.130	0.2650	0.0380	0.6922
1.140	0.2647	0.0384	0.6922
1.150	0.2645	0.0389	0.6922
1.160	0.2642	0.0393	0.6923
1.170	0.2640	0.0397	0.6923
1.180	0.2637	0.0402	0.6923
1.190	0.2635	0.0406	0.6923
1.200	0.2632	0.0410	0.6924
1.210	0.2630	0.0414	0.6924
1.220	0.2627	0.0419	0.6924
1.230	0.2625	0.0423	0.6925
1.240	0.2622	0.0427	0.6925
1.250	0.2620	0.0432	0.6925
1.260	0.2617	0.0436	0.6926
1.270	0.2615	0.0440	0.6926
1.280	0.2612	0.0445	0.6926
1.290	0.2610	0.0449	0.6926
1.300	0.2607	0.0453	0.6927
1.310	0.2605	0.0458	0.6927
1.320	0.2602	0.0462	0.6927
1.330	0.2600	0.0466	0.6928
1.340	0.2597	0.0471	0.6928
1.350	0.2595	0.0475	0.6928
1.360	0.2592	0.0479	0.6929
1.370	0.2590	0.0484	0.6929
1.380	0.2587	0.0488	0.6929
1.390	0.2585	0.0492	0.6929
1.400	0.2582	0.0496	0.6930
1.410	0.2580	0.0501	0.6930
1.420	0.2577	0.0505	0.6930
1.430	0.2575	0.0509	0.6931
1.440	0.2572	0.0514	0.6931
1.450	0.2570	0.0518	0.6931
1.460	0.2567	0.0522	0.6932
1.470	0.2565	0.0527	0.6932
1.480	0.2562	0.0531	0.6932
1.490	0.2560	0.0535	0.6932
1.500	0.2557	0.0540	0.6933
1.510	0.2554	0.0544	0.6933
1.520	0.2552	0.0548	0.6933
1.530	0.2549	0.0553	0.6934
1.540	0.2547	0.0557	0.6934
1.550	0.2544	0.0561	0.6934
1.560	0.2542	0.0566	0.6935
1.570	0.2539	0.0570	0.6935
1.580	0.2537	0.0574	0.6935
1.590	0.2534	0.0579	0.6935
1.600	0.2532	0.0583	0.6936
1.610	0.2529	0.0587	0.6936
1.620	0.2527	0.0591	0.6936
1.630	0.2524	0.0596	0.6937
1.640	0.2522	0.0600	0.6937
1.650	0.2519	0.0604	0.6937
1.660	0.2517	0.0609	0.6938
1.670	0.2514	0.0613	0.6938
1.680	0.2512	0.0617	0.6938
1.690	0.2509	0.0622	0.6939
1.700	0.2507	0.0626	0.6939
1.710	0.2504	0.0630	0.6939
1.720	0.2502	0.0635	0.6939
1.730	0.2499	0.0639	0.6940
1.740	0.2497	0.0643	0.6940
1.750	0.2494	0.0648	0.6940
1.760	0.2492	0.0652	0.6941
1.770	0.2489	0.0656	0.6941
1.780	0.2487	0.0661	0.6941
1.790	0.2484	0.0665	0.6942
1.800	0.2482	0.0669	0.6942
1.810	0.2479	0.0673	0.6942
1.820	0.2477	0.0678	0.6942
1.830	0.2474	0.0682	0.6943
1.840	0.2472	0.0686	0.6943
1.850	0.2469	0.0691	0.6943
1.860	0.2467	0.0695	0.6944
1.870	0.2464	0.0699	0.6944
1.880	0.2462	0.0704	0.6944
1.890	0.2459	0.0708	0.6945
1.900	0.2457	0.0712	0.6945
1.910	0.2454	0.0717	0.6945
1.920	0.2452	0.0721	0.6945
1.930	0.2449	0.0725	0.6946
1.940	0.2447	0.0730	0.6946
1.950	0.2444	0.0734	0.6946
1.960	0.2442	0.0738	0.6947
1.970	0.2439	0.0743	0.6947
1.980	0.2437	0.0747	0.6947
1.990	0.2434	0.0751	0.6948
2.000	0.2432	0.0756	0.6948
2.010	0.2429	0.0760	0.6948
2.020	0.2427	0.0764	0.6948
2.030	0.2424	0.0768	0.6949
2.040	0.2422	0.0773	0.6949
2.050	0.2419	0.0777	0.6949
2.060	0.2417	0.0781	0.6950
2.070	0.2414	0.0786	0.6950
2.080	0.2412	0.0790	0.6950
2.090	0.2409	0.0794	0.6951
2.100	0.2407	0.0799	0.6951
2.110	0.2404	0.0803	0.6951
2.120	0.2402	0.0807	0.6952
2.130	0.2399	0.0812	0.6952
2.140	0.2397	0.0816	0.6952
2.150	0.2394	0.0820	0.6952
2.160	0.2392	0.0825	0.6953
2.170	0.2389	0.0829	0.6953
2.180	0.2387	0.0833	0.6953
2.190	0.2384	0.0838	0.6954
2.200	0.2382	0.0842	0.6954
2.210	0.2379	0.0846	0.6954
2.220	0.2377	0.0850	0.6955
2.230	0.2374	0.0855	0.6955
2.240	0.2372	0.0859	0.6955
2.250	0.2369	0.0863	0.6955
2.260	0.2367	0.0868	0.6956
2.270	0.2364	0.0872	0.6956
2.280	0.2362	0.0876	0.6956
2.290	0.2359	0.0881	0.6957
2.300	0.2357	0.0885	0.6957
2.310	0.2354	0.0889	0.6957
2.320	0.2352	0.0894	0.6958
2.330	0.2349	0.0898	0.6958
2.340	0.2347	0.0902	0.6958
2.350	0.2344	0.0907	0.6958
2.360	0.2342	0.0911	0.6959
2.370	0.2339	0.0915	0.6959
2.380	0.2337	0.0920	0.6959
2.390	0.2334	0.0924	0.6960
2.400	0.2332	0.0928	0.6960
2.410	0.2329	0.0933	0.6960
2.420	0.2327	0.0937	0.6961
2.430	0.2324	0.0941	0.6961
2.440	0.2322	0.0945	0.6961
2.450	0.2319	0.0950	0.6961
2.460	0.2317	0.0954	0.6962
2.470	0.2314	0.0958	0.6962
2.480	0.2312	0.0963	0.6962
2.490	0.2309	0.0967	0.6963
2.500	0.2307	0.0971	0.6963
2.510	0.2304	0.0976	0.6963
2.520	0.2302	0.0980	0.6964
2.530	0.2299	0.0984	0.6964
2.540	0.2297	0.0989	0.6964
2.550	0.2294	0.0993	0.6965
2.560	0.2292	0.0997	0.6965
2.570	0.2289	0.1002	0.6965
2.580	0.2287	0.1006	0.6965
2.590	0.2284	0.1010	0.6966
2.600	0.2282	0.1015	0.6966
2.610	0.2279	0.1019	0.6966
2.620	0.2277	0.1023	0.6967
2.630	0.2274	0.1028	0.6967
2.640	0.2272	0.1032	0.6967
2.650	0.2269	0.1036	0.6968
2.660	0.2267	0.1040	0.6968
2.670	0.2264	0.1045	0.6968
2.680	0.2262	0.1049	0.6968
2.690	0.2259	0.1053	0.6969
2.700	0.2257	0.1058	0.6969
2.710	0.2254	0.1062	0.6969
2.720	0.2252	0.1066	0.6970
2.730	0.2249	0.1071	0.6970
2.740	0.2247	0.1075	0.6970
2.750	0.2244	0.1079	0.6971
2.760	0.2241	0.1084	0.6971
2.770	0.2239	0.1088	0.6971
2.780	0.2236	0.1092	0.6971
2.790	0.2234	0.1097	0.6972
2.800	0.2231	0.1101	0.6972
2.810	0.2229	0.1105	0.6972
2.820	0.2226	0.1110	0.6973
2.830	0.2224	0.1114	0.6973
2.840	0.2221	0.1118	0.6973
2.850	0.2219	0.1122	0.6974
2.860	0.2216	0.1127	0.6974
2.870	0.2214	0.1131	0.6974
2.880	0.2211	0.1135	0.6974
2.890	0.2209	0.1140	0.6975
2.900	0.2206	0.1144	0.6975
2.910	0.2204	0.1148	0.6975
2.920	0.2201	0.1153	0.6976
2.930	0.2199	0.1157	0.6976
2.940	0.2196	0.1161	0.6976
2.950	0.2194	0.1166	0.6977
2.960	0.2191	0.1170	0.6977
2.970	0.2189	0.1174	0.6977
2.980	0.2186	0.1179	0.6978
2.990	0.2184	0.1183	0.6978
3.000	0.2181	0.1187	0.6978
3.010	0.2179	0.1192	0.6978
3.020	0.2176	0.1196	0.6979
3.030	0.2174	0.1200	0.6979
3.040	0.2171	0.1205	0.6979
3.050	0.2169	0.1209	0.6980
3.060	0.2166	0.1213	0.6980
3.070	0.2164	0.1217	0.6980
3.080	0.2161	0.1222	0.6981
3.090	0.2159	0.1226	0.6981
3.100	0.2156	0.1230	0.6981
3.110	0.2154	0.1235	0.6981
3.120	0.2151	0.1239	0.6982
3.130	0.2149	0.1243	0.6982
3.140	0.2146	0.1248	0.6982
3.150	0.2144	0.1252	0.6983
3.160	0.2141	0.1256	0.6983
3.170	0.2139	0.1261	0.6983
3.180	0.2136	0.1265	0.6984
3.190	0.2134	0.1269	0.6984
3.200	0.2131	0.1274	0.6984
3.210	0.2129	0.1278	0.6984
3.220	0.2126	0.1282	0.6985
3.230	0.2124	0.1287	0.6985
3.240	0.2121	0.1291	0.6985
3.250	0.2119	0.1295	0.6986
3.260	0.2116	0.1299	0.6986
3.270	0.2114	0.1304	0.6986
3.280	0.2111	0.1308	0.6987
3.290	0.2109	0.1312	0.6987
3.300	0.2106	0.1317	0.6987
3.310	0.2104	0.1321	0.6987
3.320	0.2101	0.1325	0.6988
3.330	0.2099	0.1330	0.6988
3.340	0.2096	0.1334	0.6988
3.350	0.2094	0.1338	0.6989
3.360	0.2091	0.1343	0.6989
3.370	0.2089	0.1347	0.6989
3.380	0.2086	0.1351	0.6990
3.390	0.2084	0.1356	0.6990
3.400	0.2081	0.1360	0.6990
3.410	0.2079	0.1364	0.6990
3.420	0.2076	0.1369	0.6991
3.430	0.2074	0.1373	0.6991
3.440	0.2071	0.1377	0.6991
3.450	0.2069	0.1382	0.6992
3.460	0.2066	0.1386	0.6992
3.470	0.2064	0.1390	0.6992
3.480	0.2061	0.1394	0.6993
3.490	0.2059	0.1399	0.6993
3.500	0.2056	0.1403	0.6993
3.510	0.2054	0.1407	0.6993
3.520	0.2052	0.1411	0.6994
3.530	0.2049	0.1415	0.6994
3.540	0.2047	0.1419	0.6994
3.550	0.2045	0.1422	0.6995
3.560	0.2043	0.1426	0.6995
3.570	0.2041	0.1429	0.6995
3.580	0.2039	0.1433	0.6995
3.590	0.2037	0.1436	0.6996
3.600	0.2035	0.1439	0.6996
3.610	0.2033	0.1443	0.6996
3.620	0.2031	0.1446	0.6996
3.630	0.2030	0.1449	0.6996
3.640	0.2028	0.1452	0.6997
3.650	0.2026	0.1455	0.6997
3.660	0.2025	0.1457	0.6997
3.670	0.2023	0.1460	0.6997
3.680	0.2022	0.1463	0.6997
3.690	0.2020	0.1465	0.6998
3.700	0.2019	0.1467	0.6998
3.710	0.2018	0.1470	0.6998
3.720	0.2016	0.1472	0.6998
3.730	0.2015	0.1474	0.6998
3.740	0.2014	0.1476	0.6998
3.750	0.2013	0.1478	0.6998
3.760	0.2012	0.1480	0.6999
3.770	0.2010	0.1482	0.6999
3.780	0.2009	0.1484	0.6999
3.790	0.2009	0.1485	0.6999
3.800	0.2008	0.1487	0.6999
3.810	0.2007	0.1488	0.6999
3.820	0.2006	0.1490	0.6999
3.830	0.2005	0.1491	0.6999
3.840	0.2005	0.1492	0.6999
3.850	0.2004	0.1493	0.7000
3.860	0.2003	0.1494	0.7000
3.870	0.2003	0.1495	0.7000
3.880	0.2002	0.1496	0.7000
3.890	0.2002	0.1497	0.7000
3.900	0.2001	0.1498	0.7000
3.910	0.2001	0.1498	0.7000
3.920	0.2001	0.1499	0.7000
3.930	0.2000	0.1499	0.7000
3.940	0.2000	0.1499	0.7000
3.950	0.2000	0.1500	0.7000
3.960	0.2000	0.1500	0.7000
3.970	0.2000	0.1500	0.7000
3.980	0.2000	0.1500	0.7000
3.990	0.2000	0.1500	0.7000
4.000	0.2000	0.1500	0.7000
4.010	0.2000	0.1500	0.7000
4.020	0.2000	0.1500	0.7000
4.030	0.2000	0.1500	0.7000
4.040	0.2000	0.1500	0.7000
4.050	0.2000	0.1500	0.7000
4.060	0.2000	0.1500	0.7000
4.070	0.2000	0.1500	0.7000
4.080	0.2000	0.1500	0.7000
4.090	0.2000	0.1500	0.7000
4.100	0.2000	0.1500	0.7000
4.110	0.2000	0.1500	0.7000
4.120	0.2000	0.1500	0.7000
4.130	0.2000	0.1500	0.7000
4.140	0.2000	0.1500	0.7000
4.150	0.2000	0.1500	0.7000
4.160	0.2000	0.1500	0.7000
4.170	0.2000	0.1500	0.7000
4.180	0.2000	0.1500	0.7000
4.190	0.2000	0.1500	0.7000
4.200	0.2000	0.1500	0.7000
4.210	0.2000	0.1500	0.7000
4.220	0.2000	0.1500	0.7000
4.230	0.2000	0.1500	0.7000
4.240	0.2000	0.1500	0.7000
4.250	0.2000	0.1500	0.7000
4.260	0.2000	0.1500	0.7000
4.270	0.2000	0.1500	0.7000
4.280	0.2000	0.1500	0.7000
4.290	0.2000	0.1500	0.7000
4.300	0.2000	0.1500	0.7000
4.310	0.2000	0.1500	0.7000
4.320	0.2000	0.1500	0.7000
4.330	0.2000	0.1500	0.7000
4.340	0.2000	0.1500	0.7000
4.350	0.2000	0.1500	0.7000
4.360	0.2000	0.1500	0.7000
4.370	0.2000	0.1500	0.7000
4.380	0.2000	0.1500	0.7000
4.390	0.2000	0.1500	0.7000
4.400	0.2000	0.1500	0.7000
4.410	0.2000	0.1500	0.7000
4.420	0.2000	0.1500	0.7000
4.430	0.2000	0.1500	0.7000
4.440	0.2000	0.1500	0.7000
4.450	0.2000	0.1500	0.7000
4.460	0.2000	0.1500	0.7000
4.470	0.2000	0.1500	0.7000
4.480	0.2000	0.1500	0.7000
4.490	0.2000	0.1500	0.7000
4.500	0.2000	0.1500	0.7000
4.510	0.2000	0.1500	0.7000
4.520	0.2000	0.1500	0.7000
4.530	0.2000	0.1500	0.6999
4.540	0.2000	0.1500	0.6999
4.550	0.2000	0.1500	0.6999
4.560	0.2000	0.1500	0.6998
4.570	0.2000	0.1500	0.6998
4.580	0.2000	0.1500	0.6997
4.590	0.2000	0.1500	0.6997
4.600	0.2000	0.1500	0.6996
4.610	0.2000	0.1500	0.6996
4.620	0.2000	0.1500	0.6995
4.630	0.2000	0.1500	0.6994
4.640	0.2000	0.1500	0.6994
4.650	0.2000	0.1500	0.6993
4.660	0.2000	0.1500	0.6992
4.670	0.2000	0.1500	0.6991
4.680	0.2000	0.1500	0.6990
4.690	0.2000	0.1500	0.6989
4.700	0.2000	0.1500	0.6988
4.710	0.2000	0.1500	0.6987
4.720	0.2000	0.1500	0.6986
4.730	0.2000	0.1500	0.6985
4.740	0.2000	0.1500	0.6984
4.750	0.2000	0.1500	0.6983
4.760	0.2000	0.1500	0.6982
4.770	0.2000	0.1500	0.6981
4.780	0.2000	0.1500	0.6980
4.790	0.2000	0.1500	0.6979
4.800	0.2000	0.1500	0.6978
4.810	0.2000	0.1500	0.6977
4.820	0.2000	0.1500	0.6976
4.830	0.2000	0.1500	0.6975
4.840	0.2000	0.1500	0.6974
4.850	0.2000	0.1500	0.6973
4.860	0.2000	0.1500	0.6972
4.870	0.2000	0.1500	0.6971
4.880	0.2000	0.1500	0.6970
4.890	0.2000	0.1500	0.6969
4.900	0.2000	0.1500	0.6968
4.910	0.2000	0.1500	0.6967
4.920	0.2000	0.1500	0.6966
4.930	0.2000	0.1500	0.6965
4.940	0.2000	0.1500	0.6964
4.950	0.2000	0.1500	0.6963
4.960	0.2000	0.1500	0.6962
4.970	0.2000	0.1500	0.6961
4.980	0.2000	0.1500	0.6960
4.990	0.2000	0.1500	0.6959
5.000	0.2000	0.1500	0.6958
5.010	0.2000	0.1500	0.6957
5.020	0.2000	0.1500	0.6956
5.030	0.2000	0.1500	0.6955
5.040	0.2000	0.1500	0.6954
5.050	0.2000	0.1500	0.6953
5.060	0.2000	0.1500	0.6952
5.070	0.2000	0.1500	0.6951
5.080	0.2000	0.1500	0.6950
5.090	0.2000	0.1500	0.6949
5.100	0.2000	0.1500	0.6948
5.110	0.2000	0.1500	0.6947
5.120	0.2000	0.1500	0.6946
5.130	0.2000	0.1500	0.6945
5.140	0.2000	0.1500	0.6944
5.150	0.2000	0.1500	0.6943
5.160	0.2000	0.1500	0.6942
5.170	0.2000	0.1500	0.6941
5.180	0.2000	0.1500	0.6940
5.190	0.2000	0.1500	0.6939
5.200	0.2000	0.1500	0.6938
5.210	0.2000	0.1500	0.6937
5.220	0.2000	0.1500	0.6936
5.230	0.2000	0.1500	0.6935
5.240	0.2000	0.1500	0.6934
5.250	0.2000	0.1500	0.6933
5.260	0.2000	0.1500	0.6932
5.270	0.2000	0.1500	0.6931
5.280	0.2000	0.1500	0.6930
5.290	0.2000	0.1500	0.6929
5.300	0.2000	0.1500	0.6928
5.310	0.2000	0.1500	0.6927
5.320	0.2000	0.1500	0.6926
5.330	0.2000	0.1500	0.6925
5.340	0.2000	0.1500	0.6924
5.350	0.2000	0.1500	0.6923
5.360	0.2000	0.1500	0.6922
5.370	0.2000	0.1500	0.6921
5.380	0.2000	0.1500	0.6920
5.390	0.2000	0.1500	0.6919
5.400	0.2000	0.1500	0.6918
5.410	0.2000	0.1500	0.6917
5.420	0.2000	0.1500	0.6916
5.430	0.2000	0.1500	0.6915
5.440	0.2000	0.1500	0.6914
5.450	0.2000	0.1500	0.6913
5.460	0.2000	0.1500	0.6912
5.470	0.2000	0.1500	0.6911
5.480	0.2000	0.1500	0.6910
5.490	0.2000	0.1500	0.6909
5.500	0.2000	0.1500	0.6908
5.510	0.2000	0.1500	0.6907
5.520	0.2000	0.1500	0.6906
5.530	0.2000	0.1500	0.6905
5.540	0.2000	0.1500	0.6904
5.550	0.2000	0.1500	0.6903
5.560	0.2000	0.1500	0.6902
5.570	0.2000	0.1500	0.6901
5.580	0.2000	0.1500	0.6900
5.590	0.2000	0.1500	0.6899
5.600	0.2000	0.1500	0.6898
5.610	0.2000	0.1500	0.6897
5.620	0.2000	0.1500	0.6896
5.630	0.2000	0.1500	0.6895
5.640	0.2000	0.1500	0.6894
5.650	0.2000	0.1500	0.6893
5.660	0.2000	0.1500	0.6892
5.670	0.2000	0.1500	0.6891
5.680	0.2000	0.1500	0.6890
5.690	0.2000	0.1500	0.6889
5.700	0.2000	0.1500	0.6888
5.710	0.2000	0.1500	0.6887
5.720	0.2000	0.1500	0.6886
5.730	0.2000	0.1500	0.6885
5.740	0.2000	0.1500	0.6884
5.750	0.2000	0.1500	0.6883
5.760	0.2000	0.1500	0.6882
5.770	0.2000	0.1500	0.6881
5.780	0.2000	0.1500	0.6880
5.790	0.2000	0.1500	0.6879
5.800	0.2000	0.1500	0.6878
5.810	0.2000	0.1500	0.6877
5.820	0.2000	0.1500	0.6876
5.830	0.2000	0.1500	0.6875
5.840	0.2000	0.1500	0.6874
5.850	0.2000	0.1500	0.6873
5.860	0.2000	0.1500	0.6872
5.870	0.2000	0.1500	0.6871
5.880	0.2000	0.1500	0.6870
5.890	0.2000	0.1500	0.6869
5.900	0.2000	0.1500	0.6868
5.910	0.2000	0.1500	0.6867
5.920	0.2000	0.1500	0.6866
5.930	0.2000	0.1500	0.6865
5.940	0.2000	0.1500	0.6864
5.950	0.2000	0.1500	0.6863
5.960	0.2000	0.1500	0.6862
5.970	0.2000	0.1500	0.6861
5.980	0.2000	0.1500	0.6860
5.990	0.2000	0.1500	0.6859
6.000	0.2000	0.1500	0.6858
6.010	0.2000	0.1500	0.6857
6.020	0.2000	0.1500	0.6856
6.030	0.2000	0.1500	0.6855
6.040	0.2000	0.1500	0.6854
6.050	0.2000	0.1500	0.6853
6.060	0.2000	0.1500	0.6852
6.070	0.2000	0.1500	0.6851
6.080	0.2000	0.1500	0.6850
6.090	0.2000	0.1500	0.6849
6.100	0.2000	0.1500	0.6848
6.110	0.2000	0.1500	0.6847
6.120	0.2000	0.1500	0.6846
6.130	0.2000	0.1500	0.6845
6.140	0.2000	0.1500	0.6844
6.150	0.2000	0.1500	0.6843
6.160	0.2000	0.1500	0.6842
6.170	0.2000	0.1500	0.6841
6.180	0.2000	0.1500	0.6840
6.190	0.2000	0.1500	0.6839
6.200	0.2000	0.1500	0.6838
6.210	0.2000	0.1500	0.6837
6.220	0.2000	0.1500	0.6836
6.230	0.2000	0.1500	0.6835
6.240	0.2000	0.1500	0.6834
6.250	0.2000	0.1500	0.6833
6.260	0.2000	0.1500	0.6832
6.270	0.2000	0.1500	0.6831
6.280	0.2000	0.1500	0.6830
6.290	0.2000	0.1500	0.6829
6.300	0.2000	0.1500	0.6828
6.310	0.2000	0.1500	0.6827
6.320	0.2000	0.1500	0.6826
6.330	0.2000	0.1500	0.6825
6.340	0.2000	0.1500	0.6824
6.350	0.2000	0.1500	0.6823
6.360	0.2000	0.1500	0.6822
6.370	0.2000	0.1500	0.6821
6.380	0.2000	0.1500	0.6820
6.390	0.2000	0.1500	0.6819
6.400	0.2000	0.1500	0.6818
6.410	0.2000	0.1500	0.6817
6.420	0.2000	0.1500	0.6816
6.430	0.2000	0.1500	0.6815
6.440	0.2000	0.1500	0.6814
6.450	0.2000	0.1500	0.6813
6.460	0.2000	0.1500	0.6812
6.470	0.2000	0.1500	0.6811
6.480	0.2000	0.1500	0.6810
6.490	0.2000	0.1500	0.6809
6.500	0.2000	0.1500	0.6808
6.510	0.2000	0.1500	0.6807
6.520	0.2000	0.1500	0.6806
6.530	0.2000	0.1500	0.6805
6.540	0.2000	0.1500	0.6804
6.550	0.2000	0.1500	0.6803
6.560	0.2000	0.1500	0.6802
6.570	0.2000	0.1500	0.6801
6.580	0.2000	0.1500	0.6800
6.590	0.2000	0.1500	0.6799
6.600	0.2000	0.1500	0.6798
6.610	0.2000	0.1500	0.6797
6.620	0.2000	0.1500	0.6796
6.630	0.2000	0.1500	0.6795
6.640	0.2000	0.1500	0.6794
6.650	0.2000	0.1500	0.6793
6.660	0.2000	0.1500	0.6792
6.670	0.2000	0.1500	0.6791
6.680	0.2000	0.1500	0.6790
6.690	0.2000	0.1500	0.6789
6.700	0.2000	0.1500	0.6788
6.710	0.2000	0.1500	0.6787
6.720	0.2000	0.1500	0.6786
6.730	0.2000	0.1500	0.6785
6.740	0.2000	0.1500	0.6784
6.750	0.2000	0.1500	0.6783
6.760	0.2000	0.1500	0.6782
6.770	0.2000	0.1500	0.6781
6.780	0.2000	0.1500	0.6780
6.790	0.2000	0.1500	0.6779
6.800	0.2000	0.1500	0.6778
6.810	0.2000	0.1500	0.6777
6.820	0.2000	0.1500	0.6776
6.830	0.2000	0.1500	0.6775
6.840	0.2000	0.1500	0.6774
6.850	0.2000	0.1500	0.6773
6.860	0.2000	0.1500	0.6772
6.870	0.2000	0.1500	0.6771
6.880	0.2000	0.1500	0.6770
6.890	0.2000	0.1500	0.6769
6.900	0.2000	0.1500	0.6768
6.910	0.2000	0.1500	0.6767
6.920	0.2000	0.1500	0.6766
6.930	0.2000	0.1500	0.6765
6.940	0.2000	0.1500	0.6764
6.950	0.2000	0.1500	0.6763
6.960	0.2000	0.1500	0.6762
6.970	0.2000	0.1500	0.6761
6.980	0.2000	0.1500	0.6760
6.990	0.2000	0.1500	0.6759
7.000	0.2000	0.1500	0.6758
7.010	0.2000	0.1500	0.6757
7.020	0.2000	0.1500	0.6756
7.030	0.2000	0.1500	0.6755
7.040	0.2000	0.1500	0.6754
7.050	0.2000	0.1500	0.6753
7.060	0.2000	0.1500	0.6752
7.070	0.2000	0.1500	0.6751
7.080	0.2000	0.1500	0.6750
7.090	0.2000	0.1500	0.6749
7.100	0.2000	0.1500	0.6748
7.110	0.2000	0.1500	0.6747
7.120	0.2000	0.1500	0.6746
7.130	0.2000	0.1500	0.6745
7.140	0.2000	0.1500	0.6744
7.150	0.2000	0.1500	0.6743
7.160	0.2000	0.1500	0.6742
7.170	0.2000	0.1500	0.6741
7.180	0.2000	0.1500	0.6740
7.190	0.2000	0.1500	0.6739
7.200	0.2000	0.1500	0.6738
7.210	0.2000	0.1500	0.6737
7.220	0.2000	0.1500	0.6736
7.230	0.2000	0.1500	0.6735
7.240	0.2000	0.1500	0.6734
7.250	0.2000	0.1500	0.6733
7.260	0.2000	0.1500	0.6732
7.270	0.2000	0.1500	0.6731
7.280	0.2000	0.1500	0.6730
7.290	0.2000	0.1500	0.6729
7.300	0.2000	0.1500	0.6728
7.310	0.2000	0.1500	0.6727
7.320	0.2000	0.1500	0.6726
7.330	0.2000	0.1500	0.6725
7.340	0.2000	0.1500	0.6724
7.350	0.2000	0.1500	0.6723
7.360	0.2000	0.1500	0.6722
7.370	0.2000	0.1500	0.6721
7.380	0.2000	0.1500	0.6720
7.390	0.2000	0.1500	0.6719
7.400	0.2000	0.1500	0.6718
7.410	0.2000	0.1500	0.6717
7.420	0.2000	0.1500	0.6716
7.430	0.2000	0.1500	0.6715
7.440	0.2000	0.1500	0.6714
7.450	0.2000	0.1500	0.6713
7.460	0.2000	0.1500	0.6712
7.470	0.2000	0.1500	0.6711
7.480	0.2000	0.1500	0.6710
7.490	0.2000	0.1500	0.6709
7.500	0.2000	0.1500	0.6708
7.510	0.2000	0.1500	0.6707
7.520	0.2000	0.1500	0.6706
7.530	0.2000	0.1500	0.6705
7.540	0.2000	0.1500	0.6704
7.550	0.2000	0.1500	0.6703
7.560	0.2000	0.1500	0.6702
7.570	0.2000	0.1500	0.6701
7.580	0.2000	0.1500	0.6700
7.590	0.2000	0.1500	0.6699
7.600	0.2000	0.1500	0.6698
7.610	0.2000	0.1500	0.6697
7.620	0.2000	0.1500	0.6696
7.630	0.2000	0.1500	0.6695
7.640	0.2000	0.1500	0.6694
7.650	0.2000	0.1500	0.6693
7.660	0.2000	0.1500	0.6692
7.670	0.2000	0.1500	0.6691
7.680	0.2000	0.1500	0.6690
7.690	0.2000	0.1500	0.6689
7.700	0.2000	0.1500	0.6688
7.710	0.2000	0.1500	0.6687
7.720	0.2000	0.1500	0.6686
7.730	0.2000	0.1500	0.6685
7.740	0.2000	0.1500	0.6684
7.750	0.2000	0.1500	0.6683
7.760	0.2000	0.1500	0.6682
7.770	0.2000	0.1500	0.6681
7.780	0.2000	0.1500	0.6680
7.790	0.2000	0.1500	0.6679
7.800	0.2000	0.1500	0.6678
7.810	0.2000	0.1500	0.6677
7.820	0.2000	0.1500	0.6676
7.830	0.2000	0.1500	0.6675
7.840	0.2000	0.1500	0.6674
7.850	0.2000	0.1500	0.6673
7.860	0.2000	0.1500	0.6672
7.870	0.2000	0.1500	0.6671
7.880	0.2000	0.1500	0.6670
7.890	0.2000	0.1500	0.6669
7.900	0.2000	0.1500	0.6668
7.910	0.2000	0.1500	0.6667
7.920	0.2000	0.1500	0.6666
7.930	0.2000	0.1500	0.6665
7.940	0.2000	0.1500	0.6664
7.950	0.2000	0.1500	0.6663
7.960	0.2000	0.1500	0.6662
7.970	0.2000	0.1500	0.6661
7.980	0.2000	0.1500	0.6660
7.990	0.2000	0.1500	0.6659
8.000	0.2000	0.1500	0.6658
8.010	0.2000	0.1500	0.6657
8.020	0.2000	0.1500	0.6656
8.030	0.2000	0.1500	0.6655
8.040	0.2000	0.1500	0.6654
8.050	0.2000	0.1500	0.6653
8.060	0.2000	0.1500	0.6652
8.070	0.2000	0.1500	0.6651
8.080	0.2000	0.1500	0.6650
8.090	0.2000	0.1500	0.6649
8.100	0.2000	0.1500	0.6648
8.110	0.2000	0.1500	0.6647
8.120	0.2000	0.1500	0.6646
8.130	0.2000	0.1500	0.6645
8.140	0.2000	0.1500	0.6644
8.150	0.2000	0.1500	0.6643
8.160	0.2000	0.1500	0.6642
8.170	0.2000	0.1500	0.6641
8.180	0.2000	0.1500	0.6640
8.190	0.2000	0.1500	0.6639
8.200	0.2000	0.1500	0.6638
8.210	0.2000	0.1500	0.6637
8.220	0.2000	0.1500	0.6636
8.230	0.2000	0.1500	0.6635
8.240	0.2000	0.1500	0.6634
8.250	0.2000	0.1500	0.6633
8.260	0.2000	0.1500	0.6632
8.270	0.2000	0.1500	0.6631
8.280	0.2000	0.1500	0.6630
8.290	0.2000	0.1500	0.6629
8.300	0.2000	0.1500	0.6628
8.310	0.2000	0.1500	0.6627
8.320	0.2000	0.1500	0.6626
8.330	0.2000	0.1500	0.6625
8.340	0.2000	0.1500	0.6624
8.350	0.2000	0.1500	0.6623
8.360	0.2000	0.1500	0.6622
8.370	0.2000	0.1500	0.6621
8.380	0.2000	0.1500	0.6620
8.390	0.2000	0.1500	0.6619
8.400	0.2000	0.1500	0.6618
8.410	0.2000	0.1500	0.6617
8.420	0.2000	0.1500	0.6616
8.430	0.2000	0.1500	0.6615
8.440	0.2000	0.1500	0.6614
8.450	0.2000	0.1500	0.6613
8.460	0.2000	0.1500	0.6612
8.470	0.2000	0.1500	0.6611
8.480	0.2000	0.1500	0.6610
8.490	0.2000	0.1500	0.6609
8.500	0.2000	0.1500	0.6608
8.510	0.2000	0.1500	0.6607
8.520	0.2000	0.1500	0.6606
8.530	0.2000	0.1500	0.6605
8.540	0.2000	0.1500	0.6604
8.550	0.2000	0.1500	0.6603
8.560	0.2000	0.1500	0.6602
8.570	0.2000	0.1500	0.6601
8.580	0.2000	0.1500	0.6600
8.590	0.2000	0.1500	0.6599
8.600	0.2000	0.1500	0.6598
8.610	0.2000	0.1500	0.6597
8.620	0.2000	0.1500	0.6596
8.630	0.2000	0.1500	0.6595
8.640	0.2000	0.1500	0.6594
8.650	0.2000	0.1500	0.6593
8.660	0.2000	0.1500	0.6592
8.670	0.2000	0.1500	0.6591
8.680	0.2000	0.1500	0.6590
8.690	0.2000	0.1500	0.6589
8.700	0.2000	0.1500	0.6588
8.710	0.2000	0.1500	0.6587
8.720	0.2000	0.1500	0.6586
8.730	0.2000	0.1500	0.6585
8.740	0.2000	0.1500	0.6584
8.750	0.2000	0.1500	0.6583
8.760	0.2000	0.1500	0.6582
8.770	0.2000	0.1500	0.6581
8.780	0.2000	0.1500	0.6580
8.790	0.2000	0.1500	0.6579
8.800	0.2000	0.1500	0.6578
8.810	0.2000	0.1500	0.6577
8.820	0.2000	0.1500	0.6576
8.830	0.2000	0.1500	0.6575
8.840	0.2000	0.1500	0.6574
8.850	0.2000	0.1500	0.6573
8.860	0.2000	0.1500	0.6572
8.870	0.2000	0.1500	0.6571
8.880	0.2000	0.1500	0.6570
8.890	0.2000	0.1500	0.6569
8.900	0.2000	0.1500	0.6568
8.910	0.2000	0.1500	0.6567
8.920	0.2000	0.1500	0.6566
8.930	0.2000	0.1500	0.6565
8.940	0.2000	0.1500	0.6564
8.950	0.2000	0.1500	0.6563
8.960	0.2000	0.1500	0.6562
8.970	0.2000	0.1500	0.6561
8.980	0.2000	0.1500	0.6560
8.990	0.2000	0.1500	0.6559
9.000	0.2000	0.1500	0.6558
9.010	0.2000	0.1500	0.6557
9.020	0.2000	0.1500	0.6556
9.030	0.2000	0.1500	0.6555
9.040	0.2000	0.1500	0.6554
9.050	0.2000	0.1500	0.6553
9.060	0.2000	0.1500	0.6552
9.070	0.2000	0.1500	0.6551
9.080	0.2000	0.1500	0.6550
9.090	0.2000	0.1500	0.6549
9.100	0.2000	0.1500	0.6548
9.110	0.2000	0.1500	0.6547
9.120	0.2000	0.1500	0.6546
9.130	0.2000	0.1500	0.6545
9.140	0.2000	0.1500	0.6544
9.150	0.2000	0.1500	0.6543
9.160	0.2000	0.1500	0.6542
9.170	0.2000	0.1500	0.6541
9.180	0.2000	0.1500	0.6540
9.190	0.2000	0.1500	0.6539
9.200	0.2000	0.1500	0.6538
9.210	0.2000	0.1500	0.6537
9.220	0.2000	0.1500	0.6536
9.230	0.2000	0.1500	0.6535
9.240	0.2000	0.1500	0.6534
9.250	0.2000	0.1500	0.6533
9.260	0.2000	0.1500	0.6532
9.270	0.2000	0.1500	0.6531
9.280	0.2000	0.1500	0.6530
9.290	0.2000	0.1500	0.6529
9.300	0.2000	0.1500	0.6528
9.310	0.2000	0.1500	0.6527
9.320	0.2000	0.1500	0.6526
9.330	0.2000	0.1500	0.6525
9.340	0.2000	0.1500	0.6524
9.350	0.2000	0.1500	0.6523
9.360	0.2000	0.1500	0.6522
9.370	0.2000	0.1500	0.6521
9.380	0.2000	0.1500	0.6520
9.390	0.2000	0.1500	0.6519
9.400	0.2000	0.1500	0.6518
9.410	0.2000	0.1500	0.6517
9.420	0.2000	0.1500	0.6516
9.430	0.2000	0.1500	0.6515
9.440	0.2000	0.1500	0.6514
9.450	0.2000	0.1500	0.6513
9.460	0.2000	0.1500	0.6512
9.470	0.2000	0.1500	0.6511
9.480	0.2000	0.1500	0.6510
9.490	0.2000	0.1500	0.6509
9.500	0.2000	0.1500	0.6508
9.510	0.2000	0.1500	0.6507
9.520	0.2000	0.1500	0.6506
9.530	0.2000	0.1500	0.6505
9.540	0.2000	0.1500	0.6504
9.550	0.2000	0.1500	0.6503
9.560	0.2000	0.1500	0.6502
9.570	0.2000	0.1500	0.6501
9.580	0.2000	0.1500	0.6500
9.590	0.2000	0.1500	0.6499
9.600	0.2000	0.1500	0.6498
9.610	0.2000	0.1500	0.6497
9.620	0.2000	0.1500	0.6496
9.630	0.2000	0.1500	0.6495
9.640	0.2000	0.1500	0.6494
9.650	0.2000	0.1500	0.6493
9.660	0.2000	0.1500	0.6492
9.670	0.2000	0.1500	0.6491
9.680	0.2000	0.1500	0.6490
9.690	0.2000	0.1500	0.6489
9.700	0.2000	0.1500	0.6488
9.710	0.2000	0.1500	0.6487
9.720	0.2000	0.1500	0.6486
9.730	0.2000	0.1500	0.6485
9.740	0.2000	0.1500	0.6484
9.750	0.2000	0.1500	0.6483
9.760	0.2000	0.1500	0.6482
9.770	0.2000	0.1500	0.6481
9.780	0.2000	0.1500	0.6480
9.790	0.2000	0.1500	0.6479
9.800	0.2000	0.1500	0.6478
9.810	0.2000	0.1500	0.6477
9.820	0.2000	0.1500	0.6476
9.830	0.2000	0.1500	0.6475
9.840	0.2000	0.1500	0.6474
9.850	0.2000	0.1500	0.6473
9.860	0.2000	0.1500	0.6472
9.870	0.2000	0.1500	0.6471
9.880	0.2000	0.1500	0.6470
9.890	0.2000	0.1500	0.6469
9.900	0.2000	0.1500	0.6468
9.910	0.2000	0.1500	0.6467
9.920	0.2000	0.1500	0.6466
9.930	0.2000	0.1500	0.6465
9.940	0.2000	0.1500	0.6464
9.950	0.2000	0.1500	0.6463
9.960	0.2000	0.1500	0.6462
9.970	0.2000	0.1500	0.6461
9.980	0.2000	0.1500	0.6460
9.990	0.2000	0.1500	0.6459
10.000	0.2000	0.1500	0.6458
10.010	0.2000	0.1500	0.6457
10.020	0.2000	0.1500	0.6456
10.030	0.2000	0.1500	0.6455
10.040	0.2000	0.1500	0.6454
10.050	0.2000	0.1500	0.6453
10.060	0.2000	0.1500	0.6452
10.070	0.2000	0.1500	0.6451
10.080	0.2000	0.1500	0.6450
10.090	0.2000	0.1500	0.6449
10.100	0.2000	0.1500	0.6448
10.110	0.2000	0.1500	0.6447
10.120	0.2000	0.1500	0.6446
10.130	0.2000	0.1500	0.6445
10.140	0.2000	0.1500	0.6444
10.150	0.2000	0.1500	0.6443
10.160	0.2000	0.1500	0.6442
10.170	0.2000	0.1500	0.6441
10.180	0.2000	0.1500	0.6440
10.190	0.2000	0.1500	0.6439
10.200	0.2000	0.1500	0.6438
10.210	0.2000	0.1500	0.6437
10.220	0.2000	0.1500	0.6436
10.230	0.2000	0.1500	0.6435
10.240	0.2000	0.1500	0.6434
10.250	0.2000	0.1500	0.6433
10.260	0.2000	0.1500	0.6432
10.270	0.2000	0.1500	0.6431
10.280	0.2000	0.1500	0.6430
10.290	0.2000	0.1500	0.6429
10.300	0.2000	0.1500	0.6428
10.310	0.2000	0.1500	0.6427
10.320	0.2000	0.1500	0.6426
10.330	0.2000	0.1500	0.6425
10.340	0.2000	0.1500	0.6424
10.350	0.2000	0.1500	0.6423
10.360	0.2000	0.1500	0.6422
10.370	0.2000	0.1500	0.6421
10.380	0.2000	0.1500	0.6420
10.390	0.2000	0.1500	0.6419
10.400	0.2000	0.1500	0.6418
10.410	0.2000	0.1500	0.6417
10.420	0.2000	0.1500	0.6416
10.430	0.2000	0.1500	0.6415
10.440	0.2000	0.1500	0.6414
10.450	0.2000	0.1500	0.6413
10.460	0.2000	0.1500	0.6412
10.470	0.2000	0.1500	0.6411
10.480	0.2000	0.1500	0.6410
10.490	0.2000	0.1500	0.6409
10.500	0.2000	0.1500	0.6408
10.510	0.2000	0.1500	0.6407
10.520	0.2000	0.1500	0.6406
10.530	0.2000	0.1500	0.6405
10.540	0.2000	0.1500	0.6404
10.550	0.2000	0.1500	0.6403
10.560	0.2000	0.1500	0.6402
10.570	0.2000	0.1500	0.6401
10.580	0.2000	0.1500	0.6400
10.590	0.2000	0.1500	0.6399
10.600	0.2000	0.1500	0.6398
10.610	0.2000	0.1500	0.6397
10.620	0.2000	0.1500	0.6396
10.630	0.2000	0.1500	0.6395
10.640	0.2000	0.1500	0.6394
10.650	0.2000	0.1500	0.6393
10.660	0.2000	0.1500	0.6392
10.670	0.2000	0.1500	0.6391
10.680	0.2000	0.1500	0.6390
10.690	0.2000	0.1500	0.6389
10.700	0.2000	0.1500	0.6388
10.710	0.2000	0.1500	0.6387
10.720	0.2000	0.1500	0.6386
10.730	0.2000	0.1500	0.6385
10.740	0.2000	0.1500	0.6384
10.750	0.2000	0.1500	0.6383
10.760	0.2000	0.1500	0.6382
10.770	0.2000	0.1500	0.6381
10.780	0.2000	0.1500	0.6380
10.790	0.2000	0.1500	0.6379
10.800	0.2000	0.1500	0.6378
10.810	0.2000	0.1500	0.6377
10.820	0.2000	0.1500	0.6376
10.830	0.2000	0.1500	0.6375
10.840	0.2000	0.1500	0.6374
10.850	0.2000	0.1500	0.6373
10.860	0.2000	0.1500	0.6372
10.870	0.2000	0.1500	0.6371
10.880	0.2000	0.1500	0.6370
10.890	0.2000	0.1500	0.6369
10.900	0.2000	0.1500	0.6368
10.910	0.2000	0.1500	0.6367
10.920	0.2000	0.1500	0.6366
10.930	0.2000	0.1500	0.6365
10.940	0.2000	0.1500	0.6364
10.950	0.2000	0.1500	0.6363
10.960	0.2000	0.1500	0.6362
10.970	0.2000	0.1500	0.6361
10.980	0.2000	0.1500	0.6360
10.990	0.2000	0.1500	0.6359
11.000	0.2000	0.1500	0.6358
11.010	0.2000	0.1500	0.6357
11.020	0.2000	0.1500	0.6356
11.030	0.2000	0.1500	0.6355
11.040	0.2000	0.1500	0.6354
11.050	0.2000	0.1500	0.6353
11.060	0.2000	0.1500	0.6352
11.070	0.2000	0.1500	0.6351
11.080	0.2000	0.1500	0.6350
11.090	0.2000	0.1500	0.6349
11.100	0.2000	0.1500	0.6348
11.110	0.2000	0.1500	0.6347
11.120	0.2000	0.1500	0.6346
11.130	0.2000	0.1500	0.6345
11.140	0.2000	0.1500	0.6344
11.150	0.2000	0.1500	0.6343
11.160	0.2000	0.1500	0.6342
11.170	0.2000	0.1500	0.6341
11.180	0.2000	0.1500	0.6340
11.190	0.2000	0.1500	0.6339
11.200	0.2000	0.1500	0.6338
11.210	0.2000	0.1500	0.6337
11.220	0.2000	0.1500	0.6336
11.230	0.2000	0.1500	0.6335
11.240	0.2000	0.1500	0.6334
11.250	0.2000	0.1500	0.6333
11.260	0.2000	0.1500	0.6332
11.270	0.2000	0.1500	0.6331
11.280	0.2000	0.1500	0.6330
11.290	0.2000	0.1500	0.6329
11.300	0.2000	0.1500	0.6328
11.310	0.2000	0.1500	0.6327
11.320	0.2000	0.1500	0.6326
11.330	0.2000	0.1500	0.6325
11.340	0.2000	0.1500	0.6324
11.350	0.2000	0.1500	0.6323
11.360	0.2000	0.1500	0.6322
11.370	0.2000	0.1500	0.6321
11.380	0.2000	0.1500	0.6320
11.390	0.2000	0.1500	0.6319
11.400	0.2000	0.1500	0.6318
11.410	0.2000	0.1500	0.6317
11.420	0.2000	0.1500	0.6316
11.430	0.2000	0.1500	0.6315
11.440	0.2000	0.1500	0.6314
11.450	0.2000	0.1500	0.6313
11.460	0.2000	0.1500	0.6312
11.470	0.2000	0.1500	0.6311
11.480	0.2000	0.1500	0.6310
11.490	0.2000	0.1500	0.6309
11.500	0.2000	0.1500	0.6308
11.510	0.2000	0.1500	0.6307
11.520	0.2000	0.1500	0.6306
11.530	0.2000	0.1500	0.6305
11.540	0.2000	0.1500	0.6304
11.550	0.2000	0.1500	0.6303
11.560	0.2000	0.1500	0.6302
11.570	0.2000	0.1500	0.6301
11.580	0.2000	0.1500	0.6300
11.590	0.2000	0.1500	0.6299
11.600	0.2000	0.1500	0.6298
11.610	0.2000	0.1500	0.6297
11.620	0.2000	0.1500	0.6296
11.630	0.2000	0.1500	0.6295
11.640	0.2000	0.1500	0.6294
11.650	0.2000	0.1500	0.6293
11.660	0.2000	0.1500	0.6292
11.670	0.2000	0.1500	0.6291
11.680	0.2000	0.1500	0.6290
11.690	0.2000	0.1500	0.6289
11.700	0.2000	0.1500	0.6288
11.710	0.2000	0.1500	0.6287
11.720	0.2000	0.1500	0.6286
11.730	0.2000	0.1500	0.6285
11.740	0.2000	0.1500	0.6284
11.750	0.2000	0.1500	0.6283
11.760	0.2000	0.1500	0.6282
11.770	0.2000	0.1500	0.6281
11.780	0.2000	0.1500	0.6280
11.790	0.2000	0.1500	0.6279
11.800	0.2000	0.1500	0.6278
11.810	0.2000	0.1500	0.6277
11.820	0.2000	0.1500	0.6276
11.830	0.2000	0.1500	0.6275
11.840	0.2000	0.1500	0.6274
11.850	0.2000	0.1500	0.6273
11.860	0.2000	0.1500	0.6272
11.870	0.2000	0.1500	0.6271
11.880	0.2000	0.1500	0.6270
11.890	0.2000	0.1500	0.6269
11.900	0.2000	0.1500	0.6268
11.910	0.2000	0.1500	0.6267
11.920	0.2000	0.1500	0.6266
11.930	0.2000	0.1500	0.6265
11.940	0.2000	0.1500	0.6264
11.950	0.2000	0.1500	0.6263
11.960	0.2000	0.1500	0.6262
11.970	0.2000	0.1500	0.6261
11.980	0.2000	0.1500	0.6260
11.990	0.2000	0.1500	0.6259
12.000	0.2000	0.1500	0.6258
12.010	0.2000	0.1500	0.6257
12.020	0.2000	0.1500	0.6256
12.030	0.2000	0.1500	0.6255
12.040	0.2000	0.1500	0.6254
12.050	0.2000	0.1500	0.6253
12.060	0.2000	0.1500	0.6252
12.070	0.2000	0.1500	0.6251
12.080	0.2000	0.1500	0.6250
12.090	0.2000	0.1500	0.6249
12.100	0.2000	0.1500	0.6248
12.110	0.2000	0.1500	0.6247
12.120	0.2000	0.1500	0.6246
12.130	0.2000	0.1500	0.6245
12.140	0.2000	0.1500	0.6244
12.150	0.2000	0.1500	0.6243
12.160	0.2000	0.1500	0.6242
12.170	0.2000	0.1500	0.6241
12.180	0.2000	0.1500	0.6240
12.190	0.2000	0.1500	0.6239
12.200	0.2000	0.1500	0.6238
12.210	0.2000	0.1500	0.6237
12.220	0.2000	0.1500	0.6236
12.230	0.2000	0.1500	0.6235
12.240	0.2000	0.1500	0.6234
12.250	0.2000	0.1500	0.6233
12.260	0.2000	0.1500	0.6232
12.270	0.2000	0.1500	0.6231
12.280	0.2000	0.1500	0.6230
12.290	0.2000	0.1500	0.6229
12.300	0.2000	0.1500	0.6228
12.310	0.2000	0.1500	0.6227
12.320	0.2000	0.1500	0.6226
12.330	0.2000	0.1500	0.6225
12.340	0.2000	0.1500	0.6224
12.350	0.2000	0.1500	0.6223
12.360	0.2000	0.1500	0.6222
12.370	0.2000	0.1500	0.6221
12.380	0.2000	0.1500	0.6220
12.390	0.2000	0.1500	0.6219
12.400	0.2000	0.1500	0.6218
12.410	0.2000	0.1500	0.6217
12.420	0.2000	0.1500	0.6216
12.430	0.2000	0.1500	0.6215
12.440	0.2000	0.1500	0.6214
12.450	0.2000	0.1500	0.6213
12.460	0.2000	0.1500	0.6212
12.470	0.2000	0.1500	0.6211
12.480	0.2000	0.1500	0.6210
12.490	0.2000	0.1500	0.6209
12.500	0.2000	0.1500	0.6208
12.510	0.2000	0.1500	0.6207
12.520	0.2000	0.1500	0.6206
12.530	0.2000	0.1500	0.6205
12.540	0.2000	0.1500	0.6204
12.550	0.2000	0.1500	0.6203
12.560	0.2000	0.1500	0.6202
12.570	0.2000	0.1500	0.6201
12.580	0.2000	0.1500	0.6200
12.590	0.2000	0.1500	0.6199
12.600	0.2000	0.1500	0.6198
12.610	0.2000	0.1500	0.6197
12.620	0.2000	0.1500	0.6196
12.630	0.2000	0.1500	0.6195
12.640	0.2000	0.1500	0.6194
12.650	0.2000	0.1500	0.6193
12.660	0.2000	0.1500	0.6192
12.670	0.2000	0.1500	0.6191
12.680	0.2000	0.1500	0.6190
12.690	0.2000	0.1500	0.6189
12.700	0.2000	0.1500	0.6188
12.710	0.2000	0.1500	0.6187
12.720	0.2000	0.1500	0.6186
12.730	0.2000	0.1500	0.6185
12.740	0.2000	0.1500	0.6184
12.750	0.2000	0.1500	0.6183
12.760	0.2000	0.1500	0.6182
12.770	0.2000	0.1500	0.6181
12.780	0.2000	0.1500	0.6180
12.790	0.2000	0.1500	0.6179
12.800	0.2000	0.1500	0.6178
12.810	0.2000	0.1500	0.6177
12.820	0.2000	0.1500	0.6176
12.830	0.2000	0.1500	0.6175
12.840	0.2000	0.1500	0.6174
12.850	0.2000	0.1500	0.6173
12.860	0.2000	0.1500	0.6172
12.870	0.2000	0.1500	0.6171
12.880	0.2000	0.1500	0.6170
12.890	0.2000	0.1500	0.6169
12.900	0.2000	0.1500	0.6168
12.910	0.2000	0.1500	0.6167
12.920	0.2000	0.1500	0.6166
12.930	0.2000	0.1500	0.6165
12.940	0.2000	0.1500	0.6164
12.950	0.2000	0.1500	0.6163
12.960	0.2000	0.1500	0.6162
12.970	0.2000	0.1500	0.6161
12.980	0.2000	0.1500	0.6160
12.990	0.2000	0.1500	0.6159
13.000	0.2000	0.1500	0.6158
13.010	0.2000	0.1500	0.6157
13.020	0.2000	0.1500	0.6156
13.030	0.2000	0.1500	0.6155
13.040	0.2000	0.1500	0.6154
13.050	0.2000	0.1500	0.6153
13.060	0.2000	0.1500	0.6152
13.070	0.2000	0.1500	0.6151
13.080	0.2000	0.1500	0.6150
13.090	0.2000	0.1500	0.6149
13.100	0.2000	0.1500	0.6148
13.110	0.2000	0.1500	0.6147
13.120	0.2000	0.1500	0.6146
13.130	0.2000	0.1500	0.6145
13.140	0.2000	0.1500	0.6144
13.150	0.2000	0.1500	0.6143
13.160	0.2000	0.1500	0.6142
13.170	0.2000	0.1500	0.6141
13.180	0.2000	0.1500	0.6140
13.190	0.2000	0.1500	0.6139
13.200	0.2000	0.1500	0.6138
13.210	0.2000	0.1500	0.6137
13.220	0.2000	0.1500	0.6136
13.230	0.2000	0.1500	0.6135
13.240	0.2000	0.1500	0.6134
13.250	0.2000	0.1500	0.6133
13.260	0.2000	0.1500	0.6132
13.270	0.2000	0.1500	0.6131
13.280	0.2000	0.1500	0.6130
13.290	0.2000	0.1500	0.6129
13.300	0.2000	0.1500	0.6128
13.310	0.2000	0.1500	0.6127
13.320	0.2000	0.1500	0.6126
13.330	0.2000	0.1500	0.6125
13.340	0.2000	0.1500	0.6124
13.350	0.2000	0.1500	0.6123
13.360	0.2000	0.1500	0.6122
13.370	0.2000	0.1500	0.6121
13.380	0.2000	0.1500	0.6120
13.390	0.2000	0.1500	0.6119
13.400	0.2000	0.1500	0.6118
13.410	0.2000	0.1500	0.6117
13.420	0.2000	0.1500	0.6116
13.430	0.2000	0.1500	0.6115
13.440	0.2000	0.1500	0.6114
13.450	0.2000	0.1500	0.6113
13.460	0.2000	0.1500	0.6112
13.470	0.2000	0.1500	0.6111
13.480	0.2000	0.1500	0.6110
13.490	0.2000	0.1500	0.6109
13.500	0.2000	0.1500	0.6108
13.510	0.2000	0.1500	0.6107
13.520	0.2000	0.1500	0.6106
13.530	0.2000	0.1500	0.6105
13.540	0.2000	0.1500	0.6104
13.550	0.2000	0.1500	0.6103
13.560	0.2000	0.1500	0.6102
13.570	0.2000	0.1500	0.6101
13.580	0.2000	0.1500	0.6100
13.590	0.2000	0.1500	0.6099
13.600	0.2000	0.1500	0.6098
13.610	0.2000	0.1500	0.6097
13.620	0.2000	0.1500	0.6096
13.630	0.2000	0.1500	0.6095
13.640	0.2000	0.1500	0.6094
13.650	0.2000	0.1500	0.6093
13.660	0.2000	0.1500	0.6092
13.670	0.2000	0.1500	0.6091
13.680	0.2000	0.1500	0.6090
13.690	0.2000	0.1500	0.6089
13.700	0.2000	0.1500	0.6088
13.710	0.2000	0.1500	0.6087
13.720	0.2000	0.1500	0.6086
13.730	0.2000	0.1500	0.6085
13.740	0.2000	0.1500	0.6084
13.750	0.2000	0.1500	0.6083
13.760	0.2000	0.1500	0.6082
13.770	0.2000	0.1500	0.6081
13.780	0.2000	0.1500	0.6080
13.790	0.2000	0.1500	0.6079
13.800	0.2000	0.1500	0.6078
13.810	0.2000	0.1500	0.6077
13.820	0.2000	0.1500	0.6076
13.830	0.2000	0.1500	0.6075
13.840	0.2000	0.1500	0.6074
13.850	0.2000	0.1500	0.6073
13.860	0.2000	0.1500	0.6072
13.870	0.2000	0.1500	0.6071
13.880	0.2000	0.1500	0.6070
13.890	0.2000	0.1500	0.6069
13.900	0.2000	0.1500	0.6068
13.910	0.2000	0.1500	0.6067
13.920	0.2000	0.1500	0.6066
13.930	0.2000	0.1500	0.6065
13.940	0.2000	0.1500	0.6064
13.950	0.2000	0.1500	0.6063
13.960	0.2000	0.1500	0.6062
13.970	0.2000	0.1500	0.6061
13.980	0.2000	0.1500	0.6060
13.990	0.2000	0.1500	0.6059
14.000	0.2000	0.1500	0.6058
14.010	0.2000	0.1500	0.6057
14.020	0.2000	0.1500	0.6056
14.030	0.2000	0.1500	0.6055
14.040	0.2000	0.1500	0.6054
14.050	0.2000	0.1500	0.6053
14.060	0.2000	0.1500	0.6052
14.070	0.2000	0.1500	0.6051
14.080	0.2000	0.1500	0.6050
14.090	0.2000	0.1500	0.6049
14.100	0.2000	0.1500	0.6048
14.110	0.2000	0.1500	0.6047
14.120	0.2000	0.1500	0.6046
14.130	0.2000	0.1500	0.6045
14.140	0.2000	0.1500	0.6044
14.150	0.2000	0.1500	0.6043
14.160	0.2000	0.1500	0.6042
14.170	0.2000	0.1500	0.6041
14.180	0.2000	0.1500	0.6040
14.190	0.2000	0.1500	0.6039
14.200	0.2000	0.1500	0.6038
14.210	0.2000	0.1500	0.6037
14.220	0.2000	0.1500	0.6036
14.230	0.2000	0.1500	0.6035
14.240	0.2000	0.1500	0.6034
14.250	0.2000	0.1500	0.6033
14.260	0.2000	0.1500	0.6032
14.270	0.2000	0.1500	0.6031
14.280	0.2000	0.1500	0.6030
14.290	0.2000	0.1500	0.6029
14.300	0.2000	0.1500	0.6028
14.310	0.2000	0.1500	0.6027
14.320	0.2000	0.1500	0.6026
14.330	0.2000	0.1500	0.6025
14.340	0.2000	0.1500	0.6024
14.350	0.2000	0.1500	0.6023
14.360	0.2000	0.1500	0.6022
14.370	0.2000	0.1500	0.6021
14.380	0.2000	0.1500	0.6020
14.390	0.2000	0.1500	0.6019
14.400	0.2000	0.1500	0.6018
14.410	0.2000	0.1500	0.6017
14.420	0.2000	0.1500	0.6016
14.430	0.2000	0.1500	0.6015
14.440	0.2000	0.1500	0.6014
14.450	0.2000	0.1500	0.6013
14.460	0.2000	0.1500	0.6012
14.470	0.2000	0.1500	0.6011
14.480	0.2000	0.1500	0.6010
14.490	0.2000	0.1500	0.6009
14.500	0.2000	0.1500	0.6008
14.510	0.2000	0.1500	0.6007
14.520	0.2000	0.1500	0.6006
14.530	0.2000	0.1500	0.6005
14.540	0.2000	0.1500	0.6004
14.550	0.2000	0.1500	0.6003
14.560	0.2000	0.1500	0.6002
14.570	0.2000	0.1500	0.6001
14.580	0.2000	0.1500	0.6000
14.590	0.2000	0.1500	0.5999
14.600	0.2000	0.1500	0.5998
14.610	0.2000	0.1500	0.5997
14.620	0.2000	0.1500	0.5996
14.630	0.2000	0.1500	0.5995
14.640	0.2000	0.1500	0.5994
14.650	0.2000	0.1500	0.5993
14.660	0.2000	0.1500	0.5992
14.670	0.2000	0.1500	0.5991
14.680	0.2000	0.1500	0.5990
14.690	0.2000	0.1500	0.5989
14.700	0.2000	0.1500	0.5988
14.710	0.2000	0.1500	0.5987
14.720	0.2000	0.1500	0.5986
14.730	0.2000	0.1500	0.5985
14.740	0.2000	0.1500	0.5984
14.750	0.2000	0.1500	0.5983
14.760	0.2000	0.1500	0.5982
14.770	0.2000	0.1500	0.5981
14.780	0.2000	0.1500	0.5980
14.790	0.2000	0.1500	0.5979
14.800	0.2000	0.1500	0.5978
14.810	0.2000	0.1500	0.5977
14.820	0.2000	0.1500	0.5976
14.830	0.2000	0.1500	0.5975
14.840	0.2000	0.1500	0.5974
14.850	0.2000	0.1500	0.5973
14.860	0.2000	0.1500	0.5972
14.870	0.2000	0.1500	0.5971
14.880	0.2000	0.1500	0.5970
14.890	0.2000	0.1500	0.5969
14.900	0.2000	0.1500	0.5968
14.910	0.2000	0.1500	0.5967
14.920	0.2000	0.1500	0.5966
14.930	0.2000	0.1500	0.5965
14.940	0.2000	0.1500	0.5964
14.950	0.2000	0.1500	0.5963
14.960	0.2000	0.1500	0.5962
14.970	0.2000	0.1500	0.5961
14.980	0.2000	0.1500	0.5960
14.990	0.2000	0.1500	0.5959
15.000	0.2000	0.1500	0.5958
15.010	0.2000	0.1500	0.5957
15.020	0.2000	0.1500	0.5956
15.030	0.2000	0.1500	0.5955
15.040	0.2000	0.1500	0.5954
15.050	0.2000	0.1500	0.5953
15.060	0.2000	0.1500	0.5952
15.070	0.2000	0.1500	0.5951
15.080	0.2000	0.1500	0.5950
15.090	0.2000	0.1500	0.5949
15.100	0.2000	0.1500	0.5948
15.110	0.2000	0.1500	0.5947
15.120	0.2000	0.1500	0.5946
15.130	0.2000	0.1500	0.5945
15.140	0.2000	0.1500	0.5944
15.150	0.2000	0.1500	0.5943
15.160	0.2000	0.1500	0.5942
15.170	0.2000	0.1500	0.5941
15.180	0.2000	0.1500	0.5940
15.190	0.2000	0.1500	0.5939
15.200	0.2000	0.1500	0.5938
15.210	0.2000	0.1500	0.5937
15.220	0.2000	0.1500	0.5936
15.230	0.2000	0.1500	0.5935
15.240	0.2000	0.1500	0.5934
15.250	0.2000	0.1500	0.5933
15.260	0.2000	0.1500	0.5932
15.270	0.2000	0.1500	0.5931
15.280	0.2000	0.1500	0.5930
15.290	0.2000	0.1500	0.5929
15.300	0.2000	0.1500	0.5928
15.310	0.2000	0.1500	0.5927
15.320	0.2000	0.1500	0.5926
15.330	0.2000	0.1500	0.5925
15.340	0.2000	0.1500	0.5924
15.350	0.2000	0.1500	0.5923
15.360	0.2000	0.1500	0.5922
15.370	0.2000	0.1500	0.5921
15.380	0.2000	0.1500	0.5920
15.390	0.2000	0.1500	0.5919
15.400	0.2000	0.1500	0.5918
15.410	0.2000	0.1500	0.5917
15.420	0.2000	0.1500	0.5916
15.430	0.2000	0.1500	0.5915
15.440	0.2000	0.1500	0.5914
15.450	0.2000	0.1500	0.5913
15.460	0.2000	0.1500	0.5912
15.470	0.2000	0.1500	0.5911
15.480	0.2000	0.1500	0.5910
15.490	0.2000	0.1500	0.5909
15.500	0.2000	0.1500	0.5908
15.510	0.2000	0.1500	0.5907
15.520	0.2000	0.1500	0.5906
15.530	0.2000	0.1500	0.5905
15.540	0.2000	0.1500	0.5904
15.550	0.2000	0.1500	0.5903
15.560	0.2000	0.1500	0.5902
15.570	0.2000	0.1500	0.5901
15.580	0.2000	0.1500	0.5900
15.590	0.2000	0.1500	0.5899
15.600	0.2000	0.1500	0.5898
15.610	0.2000	0.1500	0.5897
15.620	0.2000	0.1500	0.5896
15.630	0.2000	0.1500	0.5895
15.640	0.2000	0.1500	0.5894
15.650	0.2000	0.1500	0.5893
15.660	0.2000	0.1500	0.5892
15.670	0.2000	0.1500	0.5891
15.680	0.2000	0.1500	0.5890
15.690	0.2000	0.1500	0.5889
15.700	0.2000	0.1500	0.5888
15.710	0.2000	0.1500	0.5887
15.720	0.2000	0.1500	0.5886
15.730	0.2000	0.1500	0.5885
15.740	0.2000	0.1500	0.5884
15.750	0.2000	0.1500	0.5883
15.760	0.2000	0.1500	0.5882
15.770	0.2000	0.1500	0.5881
15.780	0.2000	0.1500	0.5880
15.790	0.2000	0.1500	0.5879
15.800	0.2000	0.1500	0.5878
15.810	0.2000	0.1500	0.5877
15.820	0.2000	0.1500	0.5876
15.830	0.2000	0.1500	0.5875
15.840	0.2000	0.1500	0.5874
15.850	0.2000	0.1500	0.5873
15.860	0.2000	0.1500	0.5872
15.870	0.2000	0.1500	0.5871
15.880	0.2000	0.1500	0.5870
15.890	0.2000	0.1500	0.5869
15.900	0.2000	0.1500	0.5868
15.910	0.2000	0.1500	0.5867
15.920	0.2000	0.1500	0.5866
15.930	0.2000	0.1500	0.5865
15.940	0.2000	0.1500	0.5864
15.950	0.2000	0.1500	0.5863
15.960	0.2000	0.1500	0.5862
15.970	0.2000	0.1500	0.5861
15.980	0.2000	0.1500	0.5860
15.990	0.2000	0.1500	0.5859
16.000	0.2000	0.1500	0.5858
16.010	0.2000	0.1500	0.5857
16.020	0.2000	0.1500	0.5856
16.030	0.2000	0.1500	0.5855
16.040	0.2000	0.1500	0.5854
16.050	0.2000	0.1500	0.5853
16.060	0.2000	0.1500	0.5852
16.070	0.2000	0.1500	0.5851
16.080	0.2000	0.1500	0.5850
16.090	0.2000	0.1500	0.5849
16.100	0.2000	0.1500	0.5848
16.110	0.2000	0.1500	0.5847
16.120	0.2000	0.1500	0.5846
16.130	0.2000	0.1500	0.5845
16.140	0.2000	0.1500	0.5844
16.150	0.2000	0.1500	0.5843
16.160	0.2000	0.1500	0.5842
16.170	0.2000	0.1500	0.5841
16.180	0.2000	0.1500	0.5840
16.190	0.2000	0.1500	0.5839
16.200	0.2000	0.1500	0.5838
16.210	0.2000	0.1500	0.5837
16.220	0.2000	0.1500	0.5836
16.230	0.2000	0.1500	0.5835
16.240	0.2000	0.1500	0.5834
16.250	0.2000	0.1500	0.5833
16.260	0.2000	0.1500	0.5832
16.270	0.2000	0.1500	0.5831
16.280	0.2000	0.1500	0.5830
16.290	0.2000	0.1500	0.5829
16.300	0.2000	0.1500	0.5828
16.310	0.2000	0.1500	0.5827
16.320	0.2000	0.1500	0.5826
16.330	0.2000	0.1500	0.5825
16.340	0.2000	0.1500	0.5824
16.350	0.2000	0.1500	0.5823
16.360	0.2000	0.1500	0.5822
16.370	0.2000	0.1500	0.5821
16.380	0.2000	0.1500	0.5820
16.390	0.2000	0.1500	0.5819
16.400	0.2000	0.1500	0.5818
16.410	0.2000	0.1500	0.5817
16.420	0.2000	0.1500	0.5816
16.430	0.2000	0.1500	0.5815
16.440	0.2000	0.1500	0.5814
16.450	0.2000	0.1500	0.5813
16.460	0.2000	0.1500	0.5812
16.470	0.2000	0.1500	0.5811
16.480	0.2000	0.1500	0.5810
16.490	0.2000	0.1500	0.5809
16.500	0.2000	0.1500	0.5808
16.510	0.2000	0.1500	0.5807
16.520	0.2000	0.1500	0.5806
16.530	0.2000	0.1500	0.5805
16.540	0.2000	0.1500	0.5804
16.550	0.2000	0.1500	0.5803
16.560	0.2000	0.1500	0.5802
16.570	0.2000	0.1500	0.5801
16.580	0.2000	0.1500	0.5800
16.590	0.2000	0.1500	0.5799
16.600	0.2000	0.1500	0.5798
16.610	0.2000	0.1500	0.5797
16.620	0.2000	0.1500	0.5796
16.630	0.2000	0.1500	0.5795
16.640	0.2000	0.1500	0.5794
16.650	0.2000	0.1500	0.5793
16.660	0.2000	0.1500	0.5792
16.670	0.2000	0.1500	0.5791
16.680	0.2000	0.1500	0.5790
16.690	0.2000	0.1500	0.5789
16.700	0.2000	0.1500	0.5788
16.710	0.2000	0.1500	0.5787
16.720	0.2000	0.1500	0.5786
16.730	0.2000	0.1500	0.5785
16.740	0.2000	0.1500	0.5784
16.750	0.2000	0.1500	0.5783
16.760	0.2000	0.1500	0.5782
16.770	0.2000	0.1500	0.5781
16.780	0.2000	0.1500	0.5780
16.790	0.2000	0.1500	0.5779
16.800	0.2000	0.1500	0.5778
16.810	0.2000	0.1500	0.5777
16.820	0.2000	0.1500	0.5776
16.830	0.2000	0.1500	0.5775
16.840	0.2000	0.1500	0.5774
16.850	0.2000	0.1500	0.5773
16.860	0.2000	0.1500	0.5772
16.870	0.2000	0.1500	0.5771
16.880	0.2000	0.1500	0.5770
16.890	0.2000	0.1500	0.5769
16.900	0.2000	0.1500	0.5768
16.910	0.2000	0.1500	0.5767
16.920	0.2000	0.1500	0.5766
16.930	0.2000	0.1500	0.5765
16.940	0.2000	0.1500	0.5764
16.950	0.2000	0.1500	0.5763
16.960	0.2000	0.1500	0.5762
16.970	0.2000	0.1500	0.5761
16.980	0.2000	0.1500	0.5760
16.990	0.2000	0.1500	0.5759
17.000	0.2000	0.1500	0.5758
17.010	0.2000	0.1500	0.5757
17.020	0.2000	0.1500	0.5756
17.030	0.2000	0.1500	0.5755
17.040	0.2000	0.1500	0.5754
17.050	0.2000	0.1500	0.5753
17.060	0.2000	0.1500	0.5752
17.070	0.2000	0.1500	0.5751
17.080	0.2000	0.1500	0.5750
17.090	0.2000	0.1500	0.5749
17.100	0.2000	0.1500	0.5748
17.110	0.2000	0.1500	0.5747
17.120	0.2000	0.1500	0.5746
17.130	0.2000	0.1500	0.5745
17.140	0.2000	0.1500	0.5744
17.150	0.2000	0.1500	0.5743
17.160	0.2000	0.1500	0.5742
17.170	0.2000	0.1500	0.5741
17.180	0.2000	0.1500	0.5740
17.190	0.2000	0.1500	0.5739
17.200	0.2000	0.1500	0.5738
17.210	0.2000	0.1500	0.5737
17.220	0.2000	0.1500	0.5736
17.230	0.2000	0.1500	0.5735
17.240	0.2000	0.1500	0.5734
17.250	0.2000	0.1500	0.5733
17.260	0.2000	0.1500	0.5732
17.270	0.2000	0.1500	0.5731
17.280	0.2000	0.1500	0.5730
17.290	0.2000	0.1500	0.5729
17.300	0.2000	0.1500	0.5728
17.310	0.2000	0.1500	0.5727
17.320	0.2000	0.1500	0.5726
17.330	0.2000	0.1500	0.5725
17.340	0.2000	0.1500	0.5724
17.350	0.2000	0.1500	0.5723
17.360	0.2000	0.1500	0.5722
17.370	0.2000	0.1500	0.5721
17.380	0.2000	0.1500	0.5720
17.390	0.2000	0.1500	0.5719
17.400	0.2000	0.1500	0.5718
17.410	0.2000	0.1500	0.5717
17.420	0.2000	0.1500	0.5716
17.430	0.2000	0.1500	0.5715
17.440	0.2000	0.1500	0.5714
17.450	0.2000	0.1500	0.5713
17.460	0.2000	0.1500	0.5712
17.470	0.2000	0.1500	0.5711
17.480	0.2000	0.1500	0.5710
17.490	0.2000	0.1500	0.5709
17.500	0.2000	0.1500	0.5708
17.510	0.2000	0.1500	0.5707
17.520	0.2000	0.1500	0.5706
17.530	0.2000	0.1500	0.5705
17.540	0.2000	0.1500	0.5704
17.550	0.2000	0.1500	0.5703
17.560	0.2000	0.1500	0.5702
17.570	0.2000	0.1500	0.5701
17.580	0.2000	0.1500	0.5700
17.590	0.2000	0.1500	0.5699
17.600	0.2000	0.1500	0.5698
17.610	0.2000	0.1500	0.5697
17.620	0.2000	0.1500	0.5696
17.630	0.2000	0.1500	0.5695
17.640	0.2000	0.1500	0.5694
17.650	0.2000	0.1500	0.5693
17.660	0.2000	0.1500	0.5692
17.670	0.2000	0.1500	0.5691
17.680	0.2000	0.1500	0.5690
17.690	0.2000	0.1500	0.5689
17.700	0.2000	0.1500	0.5688
17.710	0.2000	0.1500	0.5687
17.720	0.2000	0.1500	0.5686
17.730	0.2000	0.1500	0.5685
17.740	0.2000	0.1500	0.5684
17.750	0.2000	0.1500	0.5683
17.760	0.2000	0.1500	0.5682
17.770	0.2000	0.1500	0.5681
17.780	0.2000	0.1500	0.5680
17.790	0.2000	0.1500	0.5679
17.800	0.2000	0.1500	0.5678
17.810	0.2000	0.1500	0.5677
17.820	0.2000	0.1500	0.5676
17.830	0.2000	0.1500	0.5675
17.840	0.2000	0.1500	0.5674
17.850	0.2000	0.1500	0.5673
17.860	0.2000	0.1500	0.5672
17.870	0.2000	0.1500	0.5671
17.880	0.2000	0.1500	0.5670
17.890	0.2000	0.1500	0.5669
17.900	0.2000	0.1500	0.5668
17.910	0.2000	0.1500	0.5667
17.920	0.2000	0.1500	0.5666
17.930	0.2000	0.1500	0.5665
17.940	0.2000	0.1500	0.5664
17.950	0.2000	0.1500	0.5663
17.960	0.2000	0.1500	0.5662
17.970	0.2000	0.1500	0.5661
17.980	0.2000	0.1500	0.5660
17.990	0.2000	0.1500	0.5659
18.000	0.2000	0.1500	0.5658
18.010	0.2000	0.1500	0.5657
18.020	0.2000	0.1500	0.5656
18.030	0.2000	0.1500	0.5655
18.040	0.2000	0.1500	0.5654
18.050	0.2000	0.1500	0.5653
18.060	0.2000	0.1500	0.5652
18.070	0.2000	0.1500	0.5651
18.080	0.2000	0.1500	0.5650
18.090	0.2000	0.1500	0.5649
18.100	0.2000	0.1500	0.5648
18.110	0.2000	0.1500	0.5647
18.120	0.2000	0.1500	0.5646
18.130	0.2000	0.1500	0.5645
18.140	0.2000	0.1500	0.5644
18.150	0.2000	0.1500	0.5643
18.160	0.2000	0.1500	0.5642
18.170	0.2000	0.1500	0.5641
18.180	0.2000	0.1500	0.5640
18.190	0.2000	0.1500	0.5639
18.200	0.2000	0.1500	0.5638
18.210	0.2000	0.1500	0.5637
18.220	0.2000	0.1500	0.5636
18.230	0.2000	0.1500	0.5635
18.240	0.2000	0.1500	0.5634
18.250	0.2000	0.1500	0.5633
18.260	0.2000	0.1500	0.5632
18.270	0.2000	0.1500	0.5631
18.280	0.2000	0.1500	0.5630
18.290	0.2000	0.1500	0.5629
18.300	0.2000	0.1500	0.5628
18.310	0.2000	0.1500	0.5627
18.320	0.2000	0.1500	0.5626
18.330	0.2000	0.1500	0.5625
18.340	0.2000	0.1500	0.5624
18.350	0.2000	0.1500	0.5623
18.360	0.2000	0.1500	0.5622
18.370	0.2000	0.1500	0.5621
18.380	0.2000	0.1500	0.5620
18.390	0.2000	0.1500	0.5619
18.400	0.2000	0.1500	0.5618
18.410	0.2000	0.1500	0.5617
18.420	0.2000	0.1500	0.5616
18.430	0.2000	0.1500	0.5615
18.440	0.2000	0.1500	0.5614
18.450	0.2000	0.1500	0.5613
18.460	0.2000	0.1500	0.5612
18.470	0.2000	0.1500	0.5611
18.480	0.2000	0.1500	0.5610
18.490	0.2000	0.1500	0.5609
18.500	0.2000	0.1500	0.5608
18.510	0.2000	0.1500	0.5607
18.520	0.2000	0.1500	0.5606
18.530	0.2000	0.1500	0.5605
18.540	0.2000	0.1500	0.5604
18.550	0.2000	0.1500	0.5603
18.560	0.2000	0.1500	0.5602
18.570	0.2000	0.1500	0.5601
18.580	0.2000	0.1500	0.5600
18.590	0.2000	0.1500	0.5599
18.600	0.2000	0.1500	0.5598
18.610	0.2000	0.1500	0.5597
18.620	0.2000	0.1500	0.5596
18.630	0.2000	0.1500	0.5595
18.640	0.2000	0.1500	0.5594
18.650	0.2000	0.1500	0.5593
18.660	0.2000	0.1500	0.5592
18.670	0.2000	0.1500	0.5591
18.680	0.2000	0.1500	0.5590
18.690	0.2000	0.1500	0.5589
18.700	0.2000	0.1500	0.5588
18.710	0.2000	0.1500	0.5587
18.720	0.2000	0.1500	0.5586
18.730	0.2000	0.1500	0.5585
18.740	0.2000	0.1500	0.5584
18.750	0.2000	0.1500	0.5583
18.760	0.2000	0.1500	0.5582
18.770	0.2000	0.1500	0.5581
18.780	0.2000	0.1500	0.5580
18.790	0.2000	0.1500	0.5579
18.800	0.2000	0.1500	0.5578
18.810	0.2000	0.1500	0.5577
18.820	0.2000	0.1500	0.5576
18.830	0.2000	0.1500	0.5575
18.840	0.2000	0.1500	0.5574
18.850	0.2000	0.1500	0.5573
18.860	0.2000	0.1500	0.5572
18.870	0.2000	0.1500	0.5571
18.880	0.2000	0.1500	0.5570
18.890	0.2000	0.1500	0.5569
18.900	0.2000	0.1500	0.5568
18.910	0.2000	0.1500	0.5567
18.920	0.2000	0.1500	0.5566
18.930	0.2000	0.1500	0.5565
18.940	0.2000	0.1500	0.5564
18.950	0.2000	0.1500	0.5563
18.960	0.2000	0.1500	0.5562
18.970	0.2000	0.1500	0.5561
18.980	0.2000	0.1500	0.5560
18.990	0.2000	0.1500	0.5559
19.000	0.2000	0.1500	0.5558
19.010	0.2000	0.1500	0.5557
19.020	0.2000	0.1500	0.5556
19.030	0.2000	0.1500	0.5555
19.040	0.2000	0.1500	0.5554
19.050	0.2000	0.1500	0.5553
19.060	0.2000	0.1500	0.5552
19.070	0.2000	0.1500	0.5551
19.080	0.2000	0.1500	0.5550
19.090	0.2000	0.1500	0.5549
19.100	0.2000	0.1500	0.5548
19.110	0.2000	0.1500	0.5547
19.120	0.2000	0.1500	0.5546
19.130	0.2000	0.1500	0.5545
19.140	0.2000	0.1500	0.5544
19.150	0.2000	0.1500	0.5543
19.160	0.2000	0.1500	0.5542
19.170	0.2000	0.1500	0.5541
19.180	0.2000	0.1500	0.5540
19.190	0.2000	0.1500	0.5539
19.200	0.2000	0.1500	0.5538
19.210	0.2000	0.1500	0.5537
19.220	0.2000	0.1500	0.5536
19.230	0.2000	0.1500	0.5535
19.240	0.2000	0.1500	0.5534
19.250	0.2000	0.1500	0.5533
19.260	0.2000	0.1500	0.5532
19.270	0.2000	0.1500	0.5531
19.280	0.2000	0.1500	0.5530
19.290	0.2000	0.1500	0.5529
19.300	0.2000	0.1500	0.5528
19.310	0.2000	0.1500	0.5527
19.320	0.2000	0.1500	0.5526
19.330	0.2000	0.1500	0.5525
19.340	0.2000	0.1500	0.5524
19.350	0.2000	0.1500	0.5523
19.360	0.2000	0.1500	0.5522
19.370	0.2000	0.1500	0.5521
19.380	0.2000	0.1500	0.5520
19.390	0.2000	0.1500	0.5519
19.400	0.2000	0.1500	0.5518
19.410	0.2000	0.1500	0.5517
19.420	0.2000	0.1500	0.5516
19.430	0.2000	0.1500	0.5515
19.440	0.2000	0.1500	0.5514
19.450	0.2000	0.1500	0.5513
19.460	0.2000	0.1500	0.5512
19.470	0.2000	0.1500	0.5511
19.480	0.2000	0.1500	0.5510
19.490	0.2000	0.1500	0.5509
19.500	0.2000	0.1500	0.5508
19.510	0.2000	0.1500	0.5507
19.520	0.2000	0.1500	0.5506
19.530	0.2000	0.1500	0.5505
19.540	0.2000	0.1500	0.5504
19.550	0.2000	0.1500	0.5503
19.560	0.2000	0.1500	0.5502
19.570	0.2000	0.1500	0.5501
19.580	0.2000	0.1500	0.5500
19.590	0.2000	0.1500	0.5499
19.600	0.2000	0.1500	0.5498
19.610	0.2000	0.1500	0.5497
19.620	0.2000	0.1500	0.5496
19.630	0.2000	0.1500	0.5495
19.640	0.2000	0.1500	0.5494
19.650	0.2000	0.1500	0.5493
19.660	0.2000	0.1500	0.5492
19.670	0.2000	0.1500	0.5491
19.680	0.2000	0.1500	0.5490
19.690	0.2000	0.1500	0.5489
19.700	0.2000	0.1500	0.5488
19.710	0.2000	0.1500	0.5487
19.720	0.2000	0.1500	0.5486
19.730	0.2000	0.1500	0.5485
19.740	0.2000	0.1500	0.5484
19.750	0.2000	0.1500	0.5483
19.760	0.2000	0.1500	0.5482
19.770	0.2000	0.1500	0.5481
19.780	0.2000	0.1500	0.5480
19.790	0.2000	0.1500	0.5479
19.800	0.2000	0.1500	0.5478
19.810	0.2000	0.1500	0.5477
19.820	0.2000	0.1500	0.5476
19.830	0.2000	0.1500	0.5475
19.840	0.2000	0.1500	0.5474
19.850	0.2000	0.1500	0.5473
19.860	0.2000	0.1500	0.5472
19.870	0.2000	0.1500	0.5471
19.880	0.2000	0.1500	0.5470
19.890	0.2000	0.1500	0.5469
19.900	0.2000	0.1500	0.5468
19.910	0.2000	0.1500	0.5467
19.920	0.2000	0.1500	0.5466
19.930	0.2000	0.1500	0.5465
19.940	0.2000	0.1500	0.5464
19.950	0.2000	0.1500	0.5463
19.960	0.2000	0.1500	0.5462
19.970	0.2000	0.1500	0.5461
19.980	0.2000	0.1500	0.5460
19.990	0.2000	0.1500	0.5459
20.000	0.2000	0.1500	0.5458
20.010	0.2000	0.1500	0.5457
20.020	0.2000	0.1500	0.5456
20.030	0.2000	0.1500	0.5455
20.040	0.2000	0.1500	0.5454
20.050	0.2000	0.1500	0.5453
20.060	0.2000	0.1500	0.5452
20.070	0.2000	0.1500	0.5451
20.080	0.2000	0.1500	0.5450
20.090	0.2000	0.1500	0.5449
20.100	0.2000	0.1500	0.5448
20.110	0.2000	0.1500	0.5447
20.120	0.2000	0.1500	0.5446
20.130	0.2000	0.1500	0.5445
20.140	0.2000	0.1500	0.5444
20.150	0.2000	0.1500	0.5443
20.160	0.2000	0.1500	0.5442
20.170	0.2000	0.1500	0.5441
20.180	0.2000	0.1500	0.5440
20.190	0.2000	0.1500	0.5439
20.200	0.2000	0.1500	0.5438
20.210	0.2000	0.1500	0.5437
20.220	0.2000	0.1500	0.5436
20.230	0.2000	0.1500	0.5435
20.240	0.2000	0.1500	0.5434
20.250	0.2000	0.1500	0.5433
20.260	0.2000	0.1500	0.5432
20.270	0.2000	0.1500	0.5431
20.280	0.2000	0.1500	0.5430
20.290	0.2000	0.1500	0.5429
20.300	0.2000	0.1500	0.5428
20.310	0.2000	0.1500	0.5427
20.320	0.2000	0.1500	0.5426
20.330	0.2000	0.1500	0.5425
20.340	0.2000	0.1500	0.5424
20.350	0.2000	0.1500	0.5423
20.360	0.2000	0.1500	0.5422
20.370	0.2000	0.1500	0.5421
20.380	0.2000	0.1500	0.5420
20.390	0.2000	0.1500	0.5419
20.400	0.2000	0.1500	0.5418
20.410	0.2000	0.1500	0.5417
20.420	0.2000	0.1500	0.5416
20.430	0.2000	0.1500	0.5415
20.440	0.2000	0.1500	0.5414
20.450	0.2000	0.1500	0.5413
20.460	0.2000	0.1500	0.5412
20.470	0.2000	0.1500	0.5411
20.480	0.2000	0.1500	0.5410
20.490	0.2000	0.1500	0.5409
20.500	0.2000	0.1500	0.5408
20.510	0.2000	0.1500	0.5407
20.520	0.2000	0.1500	0.5406
20.530	0.2000	0.1500	0.5405
20.540	0.2000	0.1500	0.5404
20.550	0.2000	0.1500	0.5403
20.560	0.2000	0.1500	0.5402
20.570	0.2000	0.1500	0.5401
20.580	0.2000	0.1500	0.5400
20.590	0.2000	0.1500	0.5399
20.600	0.2000	0.1500	0.5398
20.610	0.2000	0.1500	0.5397
20.620	0.2000	0.1500	0.5396
20.630	0.2000	0.1500	0.5395
20.640	0.2000	0.1500	0.5394
20.650	0.2000	0.1500	0.5393
20.660	0.2000	0.1500	0.5392
20.670	0.2000	0.1500	0.5391
20.680	0.2000	0.1500	0.5390
20.690	0.2000	0.1500	0.5389
20.700	0.2000	0.1500	0.5388
20.710	0.2000	0.1500	0.5387
20.720	0.2000	0.1500	0.5386
20.730	0.2000	0.1500	0.5385
20.740	0.2000	0.1500	0.5384
20.750	0.2000	0.1500	0.5383
20.760	0.2000	0.1500	0.5382
20.770	0.2000	0.1500	0.5381
20.780	0.2000	0.1500	0.5380
20.790	0.2000	0.1500	0.5379
20.800	0.2000	0.1500	0.5378
20.810	0.2000	0.1500	0.5377
20.820	0.2000	0.1500	0.5376
20.830	0.2000	0.1500	0.5375
20.840	0.2000	0.1500	0.5374
20.850	0.2000	0.1500	0.5373
20.860	0.2000	0.1500	0.5372
20.870	0.2000	0.1500	0.5371
20.880	0.2000	0.1500	0.5370
20.890	0.2000	0.1500	0.5369
20.900	0.2000	0.1500	0.5368
20.910	0.2000	0.1500	0.5367
20.920	0.2000	0.1500	0.5366
20.930	0.2000	0.1500	0.5365
20.940	0.2000	0.1500	0.5364
20.950	0.2000	0.1500	0.5363
20.960	0.2000	0.1500	0.5362
20.970	0.2000	0.1500	0.5361
20.980	0.2000	0.1500	0.5360
20.990	0.2000	0.1500	0.5359
21.000	0.2000	0.1500	0.5358
21.010	0.2000	0.1500	0.5357
21.020	0.2000	0.1500	0.5356
21.030	0.2000	0.1500	0.5355
21.040	0.2000	0.1500	0.5354
21.050	0.2000	0.1500	0.5353
21.060	0.2000	0.1500	0.5352
21.070	0.2000	0.1500	0.5351
21.080	0.2000	0.1500	0.5350
21.090	0.2000	0.1500	0.5349
21.100	0.2000	0.1500	0.5348
21.110	0.2000	0.1500	0.5347
21.120	0.2000	0.1500	0.5346
21.130	0.2000	0.1500	0.5345
21.140	0.2000	0.1500	0.5344
21.150	0.2000	0.1500	0.5343
21.160	0.2000	0.1500	0.5342
21.170	0.2000	0.1500	0.5341
21.180	0.2000	0.1500	0.5340
21.190	0.2000	0.1500	0.5339
21.200	0.2000	0.1500	0.5338
21.210	0.2000	0.1500	0.5337
21.220	0.2000	0.1500	0.5336
21.230	0.2000	0.1500	0.5335
21.240	0.2000	0.1500	0.5334
21.250	0.2000	0.1500	0.5333
21.260	0.2000	0.1500	0.5332
21.270	0.2000	0.1500	0.5331
21.280	0.2000	0.1500	0.5330
21.290	0.2000	0.1500	0.5329
21.300	0.2000	0.1500	0.5328
21.310	0.2000	0.1500	0.5327
21.320	0.2000	0.1500	0.5326
21.330	0.2000	0.1500	0.5325
21.340	0.2000	0.1500	0.5324
21.350	0.2000	0.1500	0.5323
21.360	0.2000	0.1500	0.5322
21.370	0.2000	0.1500	0.5321
21.380	0.2000	0.1500	0.5320
21.390	0.2000	0.1500	0.5319
21.400	0.2000	0.1500	0.5318
21.410	0.2000	0.1500	0.5317
21.420	0.2000	0.1500	0.5316
21.430	0.2000	0.1500	0.5315
21.440	0.2000	0.1500	0.5314
21.450	0.2000	0.1500	0.5313
21.460	0.2000	0.1500	0.5312
21.470	0.2000	0.1500	0.5311
21.480	0.2000	0.1500	0.5310
21.490	0.2000	0.1500	0.5309
21.500	0.2000	0.1500	0.5308
21.510	0.2000	0.1500	0.5307
21.520	0.2000	0.1500	0.5306
21.530	0.2000	0.1500	0.5305
21.540	0.2000	0.1500	0.5304
21.550	0.2000	0.1500	0.5303
21.560	0.2000	0.1500	0.5302
21.570	0.2000	0.1500	0.5301
21.580	0.2000	0.1500	0.5300
21.590	0.2000	0.1500	0.5299
21.600	0.2000	0.1500	0.5298
21.610	0.2000	0.1500	0.5297
21.620	0.2000	0.1500	0.5296
21.630	0.2000	0.1500	0.5295
21.640	0.2000	0.1500	0.5294
21.650	0.2000	0.1500	0.5293
21.660	0.2000	0.1500	0.5292
21.670	0.2000	0.1500	0.5291
21.680	0.2000	0.1500	0.5290
21.690	0.2000	0.1500	0.5289
21.700	0.2000	0.1500	0.5288
21.710	0.2000	0.1500	0.5287
21.720	0.2000	0.1500	0.5286
21.730	0.2000	0.1500	0.5285
21.740	0.2000	0.1500	0.5284
21.750	0.2000	0.1500	0.5283
21.760	0.2000	0.1500	0.5282
21.770	0.2000	0.1500	0.5281
21.780	0.2000	0.1500	0.5280
21.790	0.2000	0.1500	0.5279
21.800	0.2000	0.1500	0.5278
21.810	0.2000	0.1500	0.5277
21.820	0.2000	0.1500	0.5276
21.830	0.2000	0.1500	0.5275
21.840	0.2000	0.1500	0.5274
21.850	0.2000	0.1500	0.5273
21.860	0.2000	0.1500	0.5272
21.870	0.2000	0.1500	0.5271
21.880	0.2000	0.1500	0.5270
21.890	0.2000	0.1500	0.5269
21.900	0.2000	0.1500	0.5268
21.910	0.2000	0.1500	0.5267
21.920	0.2000	0.1500	0.5266
21.930	0.2000	0.1500	0.5265
21.940	0.2000	0.1500	0.5264
21.950	0.2000	0.1500	0.5263
21.960	0.2000	0.1500	0.5262
21.970	0.2000	0.1500	0.5261
21.980	0.2000	0.1500	0.5260
21.990	0.2000	0.1500	0.5259
22.000	0.2000	0.1500	0.5258
22.010	0.2000	0.1500	0.5257
22.020	0.2000	0.1500	0.5256
22.030	0.2000	0.1500	0.5255
22.040	0.2000	0.1500	0.5254
22.050	0.2000	0.1500	0.5253
22.060	0.2000	0.1500	0.5252
22.070	0.2000	0.1500	0.5251
22.080	0.2000	0.1500	0.5250
22.090	0.2000	0.1500	0.5249
22.100	0.2000	0.1500	0.5248
22.110	0.2000	0.1500	0.5247
22.120	0.2000	0.1500	0.5246
22.130	0.2000	0.1500	0.5245
22.140	0.2000	0.1500	0.5244
22.150	0.2000	0.1500	0.5243
22.160	0.2000	0.1500	0.5242
22.170	0.2000	0.1500	0.5241
22.180	0.2000	0.1500	0.5240
22.190	0.2000	0.1500	0.5239
22.200	0.2000	0.1500	0.5238
22.210	0.2000	0.1500	0.5237
22.220	0.2000	0.1500	0.5236
22.230	0.2000	0.1500	0.5235
22.240	0.2000	0.1500	0.5234
22.250	0.2000	0.1500	0.5233
22.260	0.2000	0.1500	0.5232
22.270	0.2000	0.1500	0.5231
22.280	0.2000	0.1500	0.5230
22.290	0.2000	0.1500	0.5229
22.300	0.2000	0.1500	0.5228
22.310	0.2000	0.1500	0.5227
22.320	0.2000	0.1500	0.5226
22.330	0.2000	0.1500	0.5225
22.340	0.2000	0.1500	0.5224
22.350	0.2000	0.1500	0.5223
22.360	0.2000	0.1500	0.5222
22.370	0.2000	0.1500	0.5221
22.380	0.2000	0.1500	0.5220
22.390	0.2000	0.1500	0.5219
22.400	0.2000	0.1500	0.5218
22.410	0.2000	0.1500	0.5217
22.420	0.2000	0.1500	0.5216
22.430	0.2000	0.1500	0.5215
22.440	0.2000	0.1500	0.5214
22.450	0.2000	0.1500	0.5213
22.460	0.2000	0.1500	0.5212
22.470	0.2000	0.1500	0.5211
22.480	0.2000	0.1500	0.5210
22.490	0.2000	0.1500	0.5209
22.500	0.2000	0.1500	0.5208
22.510	0.2000	0.1500	0.5207
22.520	0.2000	0.1500	0.5206
22.530	0.2000	0.1500	0.5205
22.540	0.2000	0.1500	0.5204
22.550	0.2000	0.1500	0.5203
22.560	0.2000	0.1500	0.5202
22.570	0.2000	0.1500	0.5201
22.580	0.2000	0.1500	0.5200
22.590	0.2000	0.1500	0.5199
22.600	0.2000	0.1500	0.5198
22.610	0.2000	0.1500	0.5197
22.620	0.2000	0.1500	0.5196
22.630	0.2000	0.1500	0.5195
22.640	0.2000	0.1500	0.5194
22.650	0.2000	0.1500	0.5193
22.660	0.2000	0.1500	0.5192
22.670	0.2000	0.1500	0.5191
22.680	0.2000	0.1500	0.5190
22.690	0.2000	0.1500	0.5189
22.700	0.2000	0.1500	0.5188
22.710	0.2000	0.1500	0.5187
22.720	0.2000	0.1500	0.5186
22.730	0.2000	0.1500	0.5185
22.740	0.2000	0.1500	0.5184
22.750	0.2000	0.1500	0.5183
22.760	0.2000	0.1500	0.5182
22.770	0.2000	0.1500	0.5181
22.780	0.2000	0.1500	0.5180
22.790	0.2000	0.1500	0.5179
22.800	0.2000	0.1500	0.5178
22.810	0.2000	0.1500	0.5177
22.820	0.2000	0.1500	0.5176
22.830	0.2000	0.1500	0.5175
22.840	0.2000	0.1500	0.5174
22.850	0.2000	0.1500	0.5173
22.860	0.2000	0.1500	0.5172
22.870	0.2000	0.1500	0.5171
22.880	0.2000	0.1500	0.5170
22.890	0.2000	0.1500	0.5169
22.900	0.2000	0.1500	0.5168
22.910	0.2000	0.1500	0.5167
22.920	0.2000	0.1500	0.5166
22.930	0.2000	0.1500	0.5165
22.940	0.2000	0.1500	0.5164
22.950	0.2000	0.1500	0.5163
22.960	0.2000	0.1500	0.5162
22.970	0.2000	0.1500	0.5161
22.980	0.2000	0.1500	0.5160
22.990	0.2000	0.1500	0.5159
23.000	0.2000	0.1500	0.5158
23.010	0.2000	0.1500	0.5157
23.020	0.2000	0.1500	0.5156
23.030	0.2000	0.1500	0.5155
23.040	0.2000	0.1500	0.5154
23.050	0.2000	0.1500	0.5153
23.060	0.2000	0.1500	0.5152
23.070	0.2000	0.1500	0.5151
23.080	0.2000	0.1500	0.5150
23.090	0.2000	0.1500	0.5149
23.100	0.2000	0.1500	0.5148
23.110	0.2000	0.1500	0.5147
23.120	0.2000	0.1500	0.5146
23.130	0.2000	0.1500	0.5145
23.140	0.2000	0.1500	0.5144
23.150	0.2000	0.1500	0.5143
23.160	0.2000	0.1500	0.5142
23.170	0.2000	0.1500	0.5141
23.180	0.2000	0.1500	0.5140
23.190	0.2000	0.1500	0.5139
23.200	0.2000	0.1500	0.5138
23.210	0.2000	0.1500	0.5137
23.220	0.2000	0.1500	0.5136
23.230	0.2000	0.1500	0.5135
23.240	0.2000	0.1500	0.5134
23.250	0.2000	0.1500	0.5133
23.260	0.2000	0.1500	0.5132
23.270	0.2000	0.1500	0.5131
23.280	0.2000	0.1500	0.5130
23.290	0.2000	0.1500	0.5129
23.300	0.2000	0.1500	0.5128
23.310	0.2000	0.1500	0.5127
23.320	0.2000	0.1500	0.5126
23.330	0.2000	0.1500	0.5125
23.340	0.2000	0.1500	0.5124
23.350	0.2000	0.1500	0.5123
23.360	0.2000	0.1500	0.5122
23.370	0.2000	0.1500	0.5121
23.380	0.2000	0.1500	0.5120
23.390	0.2000	0.1500	0.5119
23.400	0.2000	0.1500	0.5118
23.410	0.2000	0.1500	0.5117
23.420	0.2000	0.1500	0.5116
23.430	0.2000	0.1500	0.5115
23.440	0.2000	0.1500	0.5114
23.450	0.2000	0.1500	0.5113
23.460	0.2000	0.1500	0.5112
23.470	0.2000	0.1500	0.5111
23.480	0.2000	0.1500	0.5110
23.490	0.2000	0.1500	0.5109
23.500	0.2000	0.1500	0.5108
23.510	0.2000	0.1500	0.5107
23.520	0.2000	0.1500	0.5106
23.530	0.2000	0.1500	0.5105
23.540	0.2000	0.1500	0.5104
23.550	0.2000	0.1500	0.5103
23.560	0.2000	0.1500	0.5102
23.570	0.2000	0.1500	0.5101
23.580	0.2000	0.1500	0.5100
23.590	0.2000	0.1500	0.5099
23.600	0.2000	0.1500	0.5098
23.610	0.2000	0.1500	0.5097
23.620	0.2000	0.1500	0.5096
23.630	0.2000	0.1500	0.5095
23.640	0.2000	0.1500	0.5094
23.650	0.2000	0.1500	0.5093
23.660	0.2000	0.1500	0.5092
23.670	0.2000	0.1500	0.5091
23.680	0.2000	0.1500	0.5090
23.690	0.2000	0.1500	0.5089
23.700	0.2000	0.1500	0.5088
23.710	0.2000	0.1500	0.5087
23.720	0.2000	0.1500	0.5086
23.730	0.2000	0.1500	0.5085
23.740	0.2000	0.1500	0.5084
23.750	0.2000	0.1500	0.5083
23.760	0.2000	0.1500	0.5082
23.770	0.2000	0.1500	0.5081
23.780	0.2000	0.1500	0.5080
23.790	0.2000	0.1500	0.5079
23.800	0.2000	0.1500	0.5078
23.810	0.2000	0.1500	0.5077
23.820	0.2000	0.1500	0.5076
23.830	0.2000	0.1500	0.5075
23.840	0.2000	0.1500	0.5074
23.850	0.2000	0.1500	0.5073
23.860	0.2000	0.1500	0.5072
23.870	0.2000	0.1500	0.5071
23.880	0.2000	0.1500	0.5070
23.890	0.2000	0.1500	0.5069
23.900	0.2000	0.1500	0.5068
23.910	0.2000	0.1500	0.5067
23.920	0.2000	0.1500	0.5066
23.930	0.2000	0.1500	0.5065
23.940	0.2000	0.1500	0.5064
23.950	0.2000	0.1500	0.5063
23.960	0.2000	0.1500	0.5062
23.970	0.2000	0.1500	0.5061
23.980	0.2000	0.1500	0.5060
23.990	0.2000	0.1500	0.5059
24.000	0.2000	0.1500	0.5058
24.010	0.2000	0.1500	0.5057
24.020	0.2000	0.1500	0.5056
24.030	0.2000	0.1500	0.5055
24.040	0.2000	0.1500	0.5054
24.050	0.2000	0.1500	0.5053
24.060	0.2000	0.1500	0.5052
24.070	0.2000	0.1500	0.5051
24.080	0.2000	0.1500	0.5050
24.090	0.2000	0.1500	0.5049
24.100	0.2000	0.1500	0.5048
24.110	0.2000	0.1500	0.5047
24.120	0.2000	0.1500	0.5046
24.130	0.2000	0.1500	0.5045
24.140	0.2000	0.1500	0.5044
24.150	0.2000	0.1500	0.5043
24.160	0.2000	0.1500	0.5042
24.170	0.2000	0.1500	0.5041
24.180	0.2000	0.1500	0.5040
24.190	0.2000	0.1500	0.5039
24.200	0.2000	0.1500	0.5038
24.210	0.2000	0.1500	0.5037
24.220	0.2000	0.1500	0.5036
24.230	0.2000	0.1500	0.5035
24.240	0.2000	0.1500	0.5034
24.250	0.2000	0.1500	0.5033
24.260	0.2000	0.1500	0.5032
24.270	0.2000	0.1500	0.5031
24.280	0.2000	0.1500	0.5030
24.290	0.2000	0.1500	0.5029
24.300	0.2000	0.1500	0.5028
24.310	0.2000	0.1500	0.5027
24.320	0.2000	0.1500	0.5026
24.330	0.2000	0.1500	0.5025
24.340	0.2000	0.1500	0.5024
24.350	0.2000	0.1500	0.5023
24.360	0.2000	0.1500	0.5022
24.370	0.2000	0.1500	0.5021
24.380	0.2000	0.1500	0.5020
24.390	0.2000	0.1500	0.5019
24.400	0.2000	0.1500	0.5018
24.410	0.2000	0.1500	0.5017
24.420	0.2000	0.1500	0.5016
24.430	0.2000	0.1500	0.5015
24.440	0.2000	0.1500	0.5014
24.450	0.2000	0.1500	0.5013
24.460	0.2000	0.1500	0.5012
24.470	0.2000	0.1500	0.5011
24.480	0.2000	0.1500	0.5010
24.490	0.2000	0.1500	0.5009
24.500	0.2000	0.1500	0.5008
24.510	0.2000	0.1500	0.5007
24.520	0.2000	0.1500	0.5006
24.530	0.2000	0.1500	0.5006
24.540	0.2000	0.1500	0.5005
24.550	0.2000	0.1500	0.5004
24.560	0.2000	0.1500	0.5004
24.570	0.2000	0.1500	0.5003
24.580	0.2000	0.1500	0.5002
24.590	0.2000	0.1500	0.5002
24.600	0.2000	0.1500	0.5002
24.610	0.2000	0.1500	0.5001
24.620	0.2000	0.1500	0.5001
24.630	0.2000	0.1500	0.5001
24.640	0.2000	0.1500	0.5000
24.650	0.2000	0.1500	0.5000
24.660	0.2000	0.1500	0.5000
24.670	0.2000	0.1500	0.5000
24.680	0.2000	0.1500	0.5000
24.690	0.2000	0.1500	0.5000
24.700	0.2000	0.1500	0.5000
24.710	0.2000	0.1500	0.5000
24.720	0.2000	0.1500	0.5000
24.730	0.2000	0.1500	0.5000
24.740	0.2000	0.1500	0.5000
24.750	0.2000	0.1500	0.5000
24.760	0.2000	0.1500	0.5000
24.770	0.2000	0.1500	0.5000
24.780	0.2000	0.1500	0.5000
24.790	0.2000	0.1500	0.5000
24.800	0.2000	0.1500	0.5000
24.810	0.2000	0.1500	0.5000
24.820	0.2000	0.1500	0.5000
24.830	0.2000	0.1500	0.5000
24.840	0.2000	0.1500	0.5000
24.850	0.2000	0.1500	0.5000
24.860	0.2000	0.1500	0.5000
24.870	0.2000	0.1500	0.5000
24.880	0.2000	0.1500	0.5000
24.890	0.2000	0.1500	0.5000
24.900	0.2000	0.1500	0.5000
24.910	0.2000	0.1500	0.5000
24.920	0.2000	0.1500	0.5000
24.930	0.2000	0.1500	0.5000
24.940	0.2000	0.1500	0.5000
24.950	0.2000	0.1500	0.5000
24.960	0.2000	0.1500	0.5000
24.970	0.2000	0.1500	0.5000
24.980	0.2000	0.1500	0.5000
24.990	0.2000	0.1500	0.5000
25.000	0.2000	0.1500	0.5000
25.010	0.2000	0.1500	0.5000
25.020	0.2000	0.1500	0.5000
25.030	0.2000	0.1500	0.5000
25.040	0.2000	0.1500	0.5000
25.050	0.2000	0.1500	0.5000
25.060	0.2000	0.1500	0.5000
25.070	0.2000	0.1500	0.5000
25.080	0.2000	0.1500	0.5000
25.090	0.2000	0.1500	0.5000
25.100	0.2000	0.1500	0.5000
25.110	0.2000	0.1500	0.5000
25.120	0.2000	0.1500	0.5000
25.130	0.2000	0.1500	0.5000
25.140	0.2000	0.1500	0.5000
25.150	0.2000	0.1500	0.5000
25.160	0.2000	0.1500	0.5000
25.170	0.2000	0.1500	0.5000
25.180	0.2000	0.1500	0.5000
25.190	0.2000	0.1500	0.5000
25.200	0.2000	0.1500	0.5000
25.210	0.2000	0.1500	0.5000
25.220	0.2000	0.1500	0.5000
25.230	0.2000	0.1500	0.5000
25.240	0.2000	0.1500	0.5000
25.250	0.2000	0.1500	0.5000
25.260	0.2000	0.1500	0.5000
25.270	0.2000	0.1500	0.5000
25.280	0.2000	0.1500	0.5000
25.290	0.2000	0.1500	0.5000
25.300	0.2000	0.1500	0.5000
25.310	0.2000	0.1500	0.5000
25.320	0.2000	0.1500	0.5000
25.330	0.2000	0.1500	0.5000
25.340	0.2000	0.1500	0.5000
25.350	0.2000	0.1500	0.5000
25.360	0.2000	0.1500	0.5000
25.370	0.2000	0.1500	0.5000
25.380	0.2000	0.1500	0.5000
25.390	0.2000	0.1500	0.5000
25.400	0.2000	0.1500	0.5000
25.410	0.2000	0.1500	0.5000
25.420	0.2000	0.1500	0.5000
25.430	0.2000	0.1500	0.5000
25.440	0.2000	0.1500	0.5000
25.450	0.2000	0.1500	0.5000
25.460	0.2000	0.1500	0.5000
25.470	0.2000	0.1500	0.5000
25.480	0.2000	0.1500	0.5000
25.490	0.2000	0.1500	0.5000
25.500	0.2000	0.1500	0.5000
25.510	0.2000	0.1500	0.5000
25.520	0.2000	0.1500	0.5000
25.530	0.2000	0.1500	0.5000
25.540	0.2000	0.1500	0.5000
25.550	0.2000	0.1500	0.5000
25.560	0.2000	0.1500	0.5000
25.570	0.2000	0.1500	0.5000
25.580	0.2000	0.1500	0.5000
25.590	0.2000	0.1500	0.5000
25.600	0.2000	0.1500	0.5000
25.610	0.2000	0.1500	0.5000
25.620	0.2000	0.1500	0.5000
25.630	0.2000	0.1500	0.5000
25.640	0.2000	0.1500	0.5000
25.650	0.2000	0.1500	0.5000
25.660	0.2000	0.1500	0.5000
25.670	0.2000	0.1500	0.5000
25.680	0.2000	0.1500	0.5000
25.690	0.2000	0.1500	0.5000
25.700	0.2000	0.1500	0.5000
25.710	0.2000	0.1500	0.5000
25.720	0.2000	0.1500	0.5001
25.730	0.2000	0.1499	0.5001
25.740	0.2001	0.1499	0.5001
25.750	0.2001	0.1499	0.5002
25.760	0.2001	0.1498	0.5002
25.770	0.2001	0.1498	0.5003
25.780	0.2002	0.1497	0.5004
25.790	0.2002	0.1496	0.5004
25.800	0.2002	0.1496	0.5005
25.810	0.2003	0.1495	0.5006
25.820	0.2003	0.1494	0.5007
25.830	0.2004	0.1493	0.5008
25.840	0.2004	0.1493	0.5009
25.850	0.2005	0.1492	0.5011
25.860	0.2005	0.1491	0.5012
25.870	0.2006	0.1489	0.5013
25.880	0.2007	0.1488	0.5015
25.890	0.2007	0.1487	0.5016
25.900	0.2008	0.1486	0.5018
25.910	0.2009	0.1485	0.5020
25.920	0.2010	0.1483	0.5021
25.930	0.2011	0.1482	0.5023
25.940	0.2011	0.1480	0.5025
25.950	0.2012	0.1479	0.5027
25.960	0.2013	0.1477	0.5029
25.970	0.2014	0.1475	0.5031
25.980	0.2015	0.1474	0.5033
25.990	0.2016	0.1472	0.5035
26.000	0.2017	0.1470	0.5038
26.010	0.2018	0.1468	0.5040
26.020	0.2020	0.1466	0.5043
26.030	0.2021	0.1464	0.5045
26.040	0.2022	0.1462	0.5048
26.050	0.2023	0.1460	0.5050
26.060	0.2024	0.1458	0.5053
26.070	0.2026	0.1456	0.5056
26.080	0.2027	0.1453	0.5059
26.090	0.2028	0.1451	0.5062
26.100	0.2030	0.1448	0.5065
26.110	0.2031	0.1446	0.5068
26.120	0.2033	0.1443	0.5071
26.130	0.2034	0.1441	0.5075
26.140	0.2036	0.1438	0.5078
26.150	0.2037	0.1436	0.5081
26.160	0.2039	0.1433	0.5085
26.170	0.2041	0.1430	0.5089
26.180	0.2042	0.1427	0.5092
26.190	0.2044	0.1424	0.5096
26.200	0.2046	0.1421	0.5100
26.210	0.2047	0.1418	0.5103
26.220	0.2049	0.1415	0.5107
26.230	0.2051	0.1412	0.5111
26.240	0.2052	0.1409	0.5114
26.250	0.2054	0.1407	0.5118
26.260	0.2056	0.1404	0.5122
26.270	0.2058	0.1401	0.5125
26.280	0.2059	0.1398	0.5129
26.290	0.2061	0.1395	0.5133
26.300	0.2063	0.1392	0.5136
26.310	0.2064	0.1389	0.5140
26.320	0.2066	0.1386	0.5144
26.330	0.2068	0.1383	0.5148
26.340	0.2069	0.1380	0.5151
26.350	0.2071	0.1377	0.5155
26.360	0.2073	0.1374	0.5159
26.370	0.2075	0.1372	0.5162
26.380	0.2076	0.1369	0.5166
26.390	0.2078	0.1366	0.5170
26.400	0.2080	0.1363	0.5173
26.410	0.2081	0.1360	0.5177
26.420	0.2083	0.1357	0.5181
26.430	0.2085	0.1354	0.5184
26.440	0.2086	0.1351	0.5188
26.450	0.2088	0.1348	0.5192
26.460	0.2090	0.1345	0.5196
26.470	0.2091	0.1342	0.5199
26.480	0.2093	0.1339	0.5203
26.490	0.2095	0.1336	0.5207
26.500	0.2097	0.1334	0.5210
26.510	0.2098	0.1331	0.5214
26.520	0.2100	0.1328	0.5218
26.530	0.2102	0.1325	0.5221
26.540	0.2103	0.1322	0.5225
26.550	0.2105	0.1319	0.5229
26.560	0.2107	0.1316	0.5232
26.570	0.2108	0.1313	0.5236
26.580	0.2110	0.1310	0.5240
26.590	0.2112	0.1307	0.5243
26.600	0.2113	0.1304	0.5247
26.610	0.2115	0.1301	0.5251
26.620	0.2117	0.1299	0.5255
26.630	0.2119	0.1296	0.5258
26.640	0.2120	0.1293	0.5262
26.650	0.2122	0.1290	0.5266
26.660	0.2124	0.1287	0.5269
26.670	0.2125	0.1284	0.5273
26.680	0.2127	0.1281	0.5277
26.690	0.2129	0.1278	0.5280
26.700	0.2130	0.1275	0.5284
26.710	0.2132	0.1272	0.5288
26.720	0.2134	0.1269	0.5291
26.730	0.2135	0.1266	0.5295
26.740	0.2137	0.1263	0.5299
26.750	0.2139	0.1261	0.5302
26.760	0.2141	0.1258	0.5306
26.770	0.2142	0.1255	0.5310
26.780	0.2144	0.1252	0.5314
26.790	0.2146	0.1249	0.5317
26.800	0.2147	0.1246	0.5321
26.810	0.2149	0.1243	0.5325
26.820	0.2151	0.1240	0.5328
26.830	0.2152	0.1237	0.5332
26.840	0.2154	0.1234	0.5336
26.850	0.2156	0.1231	0.5339
26.860	0.2157	0.1228	0.5343
26.870	0.2159	0.1226	0.5347
26.880	0.2161	0.1223	0.5350
26.890	0.2163	0.1220	0.5354
26.900	0.2164	0.1217	0.5358
26.910	0.2166	0.1214	0.5361
26.920	0.2168	0.1211	0.5365
26.930	0.2169	0.1208	0.5369
26.940	0.2171	0.1205	0.5373
26.950	0.2173	0.1202	0.5376
26.960	0.2174	0.1199	0.5380
26.970	0.2176	0.1196	0.5384
26.980	0.2178	0.1193	0.5387
26.990	0.2180	0.1190	0.5391
27.000	0.2181	0.1188	0.5395
27.010	0.2183	0.1185	0.5398
27.020	0.2185	0.1182	0.5402
27.030	0.2186	0.1179	0.5406
27.040	0.2188	0.1176	0.5409
27.050	0.2190	0.1173	0.5413
27.060	0.2191	0.1170	0.5417
27.070	0.2193	0.1167	0.5421
27.080	0.2195	0.1164	0.5424
27.090	0.2196	0.1161	0.5428
27.100	0.2198	0.1158	0.5432
27.110	0.2200	0.1155	0.5435
27.120	0.2202	0.1153	0.5439
27.130	0.2203	0.1150	0.5443
27.140	0.2205	0.1147	0.5446
27.150	0.2207	0.1144	0.5450
27.160	0.2208	0.1141	0.5454
27.170	0.2210	0.1138	0.5457
27.180	0.2212	0.1135	0.5461
27.190	0.2213	0.1132	0.5465
27.200	0.2215	0.1129	0.5468
27.210	0.2217	0.1126	0.5472
27.220	0.2218	0.1123	0.5476
27.230	0.2220	0.1120	0.5480
27.240	0.2222	0.1118	0.5483
27.250	0.2224	0.1115	0.5487
27.260	0.2225	0.1112	0.5491
27.270	0.2227	0.1109	0.5494
27.280	0.2229	0.1106	0.5498
27.290	0.2230	0.1103	0.5502
27.300	0.2232	0.1100	0.5505
27.310	0.2234	0.1097	0.5509
27.320	0.2235	0.1094	0.5513
27.330	0.2237	0.1091	0.5516
27.340	0.2239	0.1088	0.5520
27.350	0.2240	0.1085	0.5524
27.360	0.2242	0.1082	0.5527
27.370	0.2244	0.1080	0.5531
27.380	0.2246	0.1077	0.5535
27.390	0.2247	0.1074	0.5539
27.400	0.2249	0.1071	0.5542
27.410	0.2251	0.1068	0.5546
27.420	0.2252	0.1065	0.5550
27.430	0.2254	0.1062	0.5553
27.440	0.2256	0.1059	0.5557
27.450	0.2257	0.1056	0.5561
27.460	0.2259	0.1053	0.5564
27.470	0.2261	0.1050	0.5568
27.480	0.2262	0.1047	0.5572
27.490	0.2264	0.1045	0.5575
27.500	0.2266	0.1042	0.5579
27.510	0.2268	0.1039	0.5583
27.520	0.2269	0.1036	0.5587
27.530	0.2271	0.1033	0.5590
27.540	0.2273	0.1030	0.5594
27.550	0.2274	0.1027	0.5598
27.560	0.2276	0.1024	0.5601
27.570	0.2278	0.1021	0.5605
27.580	0.2279	0.1018	0.5609
27.590	0.2281	0.1015	0.5612
27.600	0.2283	0.1012	0.5616
27.610	0.2285	0.1009	0.5620
27.620	0.2286	0.1007	0.5623
27.630	0.2288	0.1004	0.5627
27.640	0.2290	0.1001	0.5631
27.650	0.2291	0.0998	0.5634
27.660	0.2293	0.0995	0.5638
27.670	0.2295	0.0992	0.5642
27.680	0.2296	0.0989	0.5646
27.690	0.2298	0.0986	0.5649
27.700	0.2300	0.0983	0.5653
27.710	0.2301	0.0980	0.5657
27.720	0.2303	0.0977	0.5660
27.730	0.2305	0.0974	0.5664
27.740	0.2307	0.0972	0.5668
27.750	0.2308	0.0969	0.5671
27.760	0.2310	0.0966	0.5675
27.770	0.2312	0.0963	0.5679
27.780	0.2313	0.0960	0.5682
27.790	0.2315	0.0957	0.5686
27.800	0.2317	0.0954	0.5690
27.810	0.2318	0.0951	0.5693
27.820	0.2320	0.0948	0.5697
27.830	0.2322	0.0945	0.5701
27.840	0.2323	0.0942	0.5705
27.850	0.2325	0.0939	0.5708
27.860	0.2327	0.0936	0.5712
27.870	0.2329	0.0934	0.5716
27.880	0.2330	0.0931	0.5719
27.890	0.2332	0.0928	0.5723
27.900	0.2334	0.0925	0.5727
27.910	0.2335	0.0922	0.5730
27.920	0.2337	0.0919	0.5734
27.930	0.2339	0.0916	0.5738
27.940	0.2340	0.0913	0.5741
27.950	0.2342	0.0910	0.5745
27.960	0.2344	0.0907	0.5749
27.970	0.2345	0.0904	0.5752
27.980	0.2347	0.0901	0.5756
27.990	0.2349	0.0899	0.5760
28.000	0.2351	0.0896	0.5764
28.010	0.2352	0.0893	0.5767
28.020	0.2354	0.0890	0.5771
28.030	0.2356	0.0887	0.5775
28.040	0.2357	0.0884	0.5778
28.050	0.2359	0.0881	0.5782
28.060	0.2361	0.0878	0.5786
28.070	0.2362	0.0875	0.5789
28.080	0.2364	0.0872	0.5793
28.090	0.2366	0.0869	0.5797
28.100	0.2367	0.0866	0.5800
28.110	0.2369	0.0863	0.5804
28.120	0.2371	0.0861	0.5808
28.130	0.2373	0.0858	0.5812
28.140	0.2374	0.0855	0.5815
28.150	0.2376	0.0852	0.5819
28.160	0.2378	0.0849	0.5823
28.170	0.2379	0.0846	0.5826
28.180	0.2381	0.0843	0.5830
28.190	0.2383	0.0840	0.5834
28.200	0.2384	0.0837	0.5837
28.210	0.2386	0.0834	0.5841
28.220	0.2388	0.0831	0.5845
28.230	0.2390	0.0828	0.5848
28.240	0.2391	0.0826	0.5852
28.250	0.2393	0.0823	0.5856
28.260	0.2395	0.0820	0.5859
28.270	0.2396	0.0817	0.5863
28.280	0.2398	0.0814	0.5867
28.290	0.2400	0.0811	0.5871
28.300	0.2401	0.0808	0.5874
28.310	0.2403	0.0805	0.5878
28.320	0.2405	0.0802	0.5882
28.330	0.2406	0.0799	0.5885
28.340	0.2408	0.0796	0.5889
28.350	0.2410	0.0793	0.5893
28.360	0.2412	0.0790	0.5896
28.370	0.2413	0.0788	0.5900
28.380	0.2415	0.0785	0.5904
28.390	0.2417	0.0782	0.5907
28.400	0.2418	0.0779	0.5911
28.410	0.2420	0.0776	0.5915
28.420	0.2422	0.0773	0.5918
28.430	0.2423	0.0770	0.5922
28.440	0.2425	0.0767	0.5926
28.450	0.2427	0.0764	0.5930
28.460	0.2428	0.0761	0.5933
28.470	0.2430	0.0758	0.5937
28.480	0.2432	0.0755	0.5941
28.490	0.2434	0.0753	0.5944
28.500	0.2435	0.0750	0.5948
28.510	0.2437	0.0747	0.5952
28.520	0.2439	0.0744	0.5955
28.530	0.2440	0.0741	0.5959
28.540	0.2442	0.0738	0.5963
28.550	0.2444	0.0735	0.5966
28.560	0.2445	0.0732	0.5970
28.570	0.2447	0.0729	0.5974
28.580	0.2449	0.0726	0.5978
28.590	0.2450	0.0723	0.5981
28.600	0.2452	0.0720	0.5985
28.610	0.2454	0.0717	0.5989
28.620	0.2456	0.0715	0.5992
28.630	0.2457	0.0712	0.5996
28.640	0.2459	0.0709	0.6000
28.650	0.2461	0.0706	0.6003
28.660	0.2462	0.0703	0.6007
28.670	0.2464	0.0700	0.6011
28.680	0.2466	0.0697	0.6014
28.690	0.2467	0.0694	0.6018
28.700	0.2469	0.0691	0.6022
28.710	0.2471	0.0688	0.6025
28.720	0.2472	0.0685	0.6029
28.730	0.2474	0.0682	0.6033
28.740	0.2476	0.0680	0.6037
28.750	0.2478	0.0677	0.6040
28.760	0.2479	0.0674	0.6044
28.770	0.2481	0.0671	0.6048
28.780	0.2483	0.0668	0.6051
28.790	0.2484	0.0665	0.6055
28.800	0.2486	0.0662	0.6059
28.810	0.2488	0.0659	0.6062
28.820	0.2489	0.0656	0.6066
28.830	0.2491	0.0653	0.6070
28.840	0.2493	0.0650	0.6073
28.850	0.2495	0.0647	0.6077
28.860	0.2496	0.0644	0.6081
28.870	0.2498	0.0642	0.6084
28.880	0.2500	0.0639	0.6088
28.890	0.2501	0.0636	0.6092
28.900	0.2503	0.0633	0.6096
28.910	0.2505	0.0630	0.6099
28.920	0.2506	0.0627	0.6103
28.930	0.2508	0.0624	0.6107
28.940	0.2510	0.0621	0.6110
28.950	0.2511	0.0618	0.6114
28.960	0.2513	0.0615	0.6118
28.970	0.2515	0.0612	0.6121
28.980	0.2517	0.0609	0.6125
28.990	0.2518	0.0607	0.6129
29.000	0.2520	0.0604	0.6132
29.010	0.2522	0.0601	0.6136
29.020	0.2523	0.0598	0.6140
29.030	0.2525	0.0595	0.6144
29.040	0.2527	0.0592	0.6147
29.050	0.2528	0.0589	0.6151
29.060	0.2530	0.0586	0.6155
29.070	0.2532	0.0583	0.6158
29.080	0.2533	0.0580	0.6162
29.090	0.2535	0.0577	0.6166
29.100	0.2537	0.0574	0.6169
29.110	0.2539	0.0571	0.6173
29.120	0.2540	0.0569	0.6177
29.130	0.2542	0.0566	0.6180
29.140	0.2544	0.0563	0.6184
29.150	0.2545	0.0560	0.6188
29.160	0.2547	0.0557	0.6191
29.170	0.2549	0.0554	0.6195
29.180	0.2550	0.0551	0.6199
29.190	0.2552	0.0548	0.6203
29.200	0.2554	0.0545	0.6206
29.210	0.2555	0.0542	0.6210
29.220	0.2557	0.0539	0.6214
29.230	0.2559	0.0536	0.6217
29.240	0.2561	0.0534	0.6221
29.250	0.2562	0.0531	0.6225
29.260	0.2564	0.0528	0.6228
29.270	0.2566	0.0525	0.6232
29.280	0.2567	0.0522	0.6236
29.290	0.2569	0.0519	0.6239
29.300	0.2571	0.0516	0.6243
29.310	0.2572	0.0513	0.6247
29.320	0.2574	0.0510	0.6250
29.330	0.2576	0.0507	0.6254
29.340	0.2577	0.0504	0.6258
29.350	0.2579	0.0501	0.6262
29.360	0.2581	0.0498	0.6265
29.370	0.2583	0.0496	0.6269
29.380	0.2584	0.0493	0.6273
29.390	0.2586	0.0490	0.6276
29.400	0.2588	0.0487	0.6280
29.410	0.2589	0.0484	0.6284
29.420	0.2591	0.0481	0.6287
29.430	0.2593	0.0478	0.6291
29.440	0.2594	0.0475	0.6295
29.450	0.2596	0.0472	0.6298
29.460	0.2598	0.0469	0.6302
29.470	0.2599	0.0466	0.6306
29.480	0.2601	0.0463	0.6309
29.490	0.2603	0.0461	0.6313
29.500	0.2605	0.0458	0.6317
29.510	0.2606	0.0455	0.6321
29.520	0.2608	0.0452	0.6324
29.530	0.2610	0.0449	0.6328
29.540	0.2611	0.0446	0.6332
29.550	0.2613	0.0443	0.6335
29.560	0.2615	0.0440	0.6339
29.570	0.2616	0.0437	0.6343
29.580	0.2618	0.0434	0.6346
29.590	0.2620	0.0431	0.6350
29.600	0.2622	0.0428	0.6354
29.610	0.2623	0.0426	0.6357
29.620	0.2625	0.0423	0.6361
29.630	0.2627	0.0420	0.6365
29.640	0.2628	0.0417	0.6369
29.650	0.2630	0.0414	0.6372
29.660	0.2632	0.0411	0.6376
29.670	0.2633	0.0408	0.6380
29.680	0.2635	0.0405	0.6383
29.690	0.2637	0.0402	0.6387
29.700	0.2638	0.0399	0.6391
29.710	0.2640	0.0396	0.6394
29.720	0.2642	0.0393	0.6398
29.730	0.2644	0.0390	0.6402
29.740	0.2645	0.0388	0.6405
29.750	0.2647	0.0385	0.6409
29.760	0.2649	0.0382	0.6413
29.770	0.2650	0.0379	0.6416
29.780	0.2652	0.0376	0.6420
29.790	0.2654	0.0373	0.6424
29.800	0.2655	0.0370	0.6428
29.810	0.2657	0.0367	0.6431
29.820	0.2659	0.0364	0.6435
29.830	0.2660	0.0361	0.6439
29.840	0.2662	0.0358	0.6442
29.850	0.2664	0.0355	0.6446
29.860	0.2666	0.0353	0.6450
29.870	0.2667	0.0350	0.6453
29.880	0.2669	0.0347	0.6457
29.890	0.2671	0.0344	0.6461
29.900	0.2672	0.0341	0.6464
29.910	0.2674	0.0338	0.6468
29.920	0.2676	0.0335	0.6472
29.930	0.2677	0.0332	0.6475
29.940	0.2679	0.0329	0.6479
29.950	0.2681	0.0326	0.6483
29.960	0.2682	0.0323	0.6487
29.970	0.2684	0.0320	0.6490
29.980	0.2686	0.0317	0.6494
29.990	0.2688	0.0315	0.6498
30.000	0.2689	0.0312	0.6501
30.010	0.2691	0.0309	0.6505
30.020	0.2693	0.0306	0.6509
30.030	0.2694	0.0303	0.6512
30.040	0.2696	0.0300	0.6516
30.050	0.2698	0.0297	0.6520
30.060	0.2699	0.0294	0.6523
30.070	0.2701	0.0291	0.6527
30.080	0.2703	0.0288	0.6531
30.090	0.2704	0.0285	0.6535
30.100	0.2706	0.0282	0.6538
30.110	0.2708	0.0280	0.6542
30.120	0.2710	0.0277	0.6546
30.130	0.2711	0.0274	0.6549
30.140	0.2713	0.0271	0.6553
30.150	0.2715	0.0268	0.6557
30.160	0.2716	0.0265	0.6560
30.170	0.2718	0.0262	0.6564
30.180	0.2720	0.0259	0.6568
30.190	0.2721	0.0256	0.6571
30.200	0.2723	0.0253	0.6575
30.210	0.2725	0.0250	0.6579
30.220	0.2727	0.0247	0.6582
30.230	0.2728	0.0244	0.6586
30.240	0.2730	0.0242	0.6590
30.250	0.2732	0.0239	0.6594
30.260	0.2733	0.0236	0.6597
30.270	0.2735	0.0233	0.6601
30.280	0.2737	0.0230	0.6605
30.290	0.2738	0.0227	0.6608
30.300	0.2740	0.0224	0.6612
30.310	0.2742	0.0221	0.6616
30.320	0.2743	0.0218	0.6619
30.330	0.2745	0.0215	0.6623
30.340	0.2747	0.0212	0.6627
30.350	0.2749	0.0209	0.6630
30.360	0.2750	0.0207	0.6634
30.370	0.2752	0.0204	0.6638
30.380	0.2754	0.0201	0.6641
30.390	0.2755	0.0198	0.6645
30.400	0.2757	0.0195	0.6649
30.410	0.2759	0.0192	0.6653
30.420	0.2760	0.0189	0.6656
30.430	0.2762	0.0186	0.6660
30.440	0.2764	0.0183	0.6664
30.450	0.2765	0.0180	0.6667
30.460	0.2767	0.0177	0.6671
30.470	0.2769	0.0174	0.6675
30.480	0.2771	0.0171	0.6678
30.490	0.2772	0.0169	0.6682
30.500	0.2774	0.0166	0.6686
30.510	0.2776	0.0163	0.6689
30.520	0.2777	0.0160	0.6693
30.530	0.2779	0.0157	0.6697
30.540	0.2781	0.0154	0.6700
30.550	0.2782	0.0151	0.6704
30.560	0.2784	0.0148	0.6708
30.570	0.2786	0.0145	0.6712
30.580	0.2787	0.0142	0.6715
30.590	0.2789	0.0139	0.6719
30.600	0.2791	0.0136	0.6723
30.610	0.2793	0.0134	0.6726
30.620	0.2794	0.0131	0.6730
30.630	0.2796	0.0128	0.6734
30.640	0.2798	0.0125	0.6737
30.650	0.2799	0.0122	0.6741
30.660	0.2801	0.0119	0.6745
30.670	0.2803	0.0116	0.6748
30.680	0.2804	0.0113	0.6752
30.690	0.2806	0.0110	0.6756
30.700	0.2808	0.0107	0.6760
30.710	0.2809	0.0104	0.6763
30.720	0.2811	0.0101	0.6767
30.730	0.2813	0.0098	0.6771
30.740	0.2815	0.0096	0.6774
30.750	0.2816	0.0093	0.6778
30.760	0.2818	0.0090	0.6782
30.770	0.2820	0.0087	0.6785
30.780	0.2821	0.0084	0.6789
30.790	0.2823	0.0081	0.6793
30.800	0.2825	0.0078	0.6796
30.810	0.2826	0.0075	0.6800
30.820	0.2828	0.0072	0.6804
30.830	0.2830	0.0069	0.6807
30.840	0.2831	0.0067	0.6811
30.850	0.2833	0.0064	0.6814
30.860	0.2835	0.0061	0.6818
30.870	0.2836	0.0058	0.6821
30.880	0.2838	0.0056	0.6824
30.890	0.2839	0.0053	0.6828
30.900	0.2841	0.0051	0.6831
30.910	0.2842	0.0048	0.6834
30.920	0.2843	0.0046	0.6837
30.930	0.2845	0.0044	0.6840
30.940	0.2846	0.0042	0.6842
30.950	0.2847	0.0039	0.6845
30.960	0.2848	0.0037	0.6848
30.970	0.2850	0.0035	0.6851
30.980	0.2851	0.0033	0.6853
30.990	0.2852	0.0031	0.6855
31.000	0.2853	0.0029	0.6858
31.010	0.2854	0.0028	0.6860
31.020	0.2855	0.0026	0.6862
31.030	0.2856	0.0024	0.6865
31.040	0.2857	0.0022	0.6867
31.050	0.2858	0.0021	0.6869
31.060	0.2859	0.0019	0.6871
31.070	0.2860	0.0018	0.6872
31.080	0.2860	0.0016	0.6874
31.090	0.2861	0.0015	0.6876
31.100	0.2862	0.0014	0.6878
31.110	0.2863	0.0013	0.6879
31.120	0.2863	0.0011	0.6881
31.130	0.2864	0.0010	0.6882
31.140	0.2865	0.0009	0.6883
31.150	0.2865	0.0008	0.6885
31.160	0.2866	0.0007	0.6886
31.170	0.2866	0.0006	0.6887
31.180	0.2867	0.0006	0.6888
31.190	0.2867	0.0005	0.6889
31.200	0.2868	0.0004	0.6890
31.210	0.2868	0.0003	0.6891
31.220	0.2868	0.0003	0.6892
31.230	0.2869	0.0002	0.6892
31.240	0.2869	0.0002	0.6893
31.250	0.2869	0.0001	0.6893
31.260	0.2869	0.0001	0.6894
31.270	0.2870	0.0001	0.6894
31.280	0.2870	0.0000	0.6894
31.290	0.2870	0.0000	0.6895
31.300	0.2870	0.0000	0.6895
31.310	0.2870	0.0000	0.6895
